-120.473602 2809.422119 -1464.243042 -0.173270 0.973551 -0.148914
-125.838699 2807.761963 -1468.854004 -0.123355 0.951149 -0.283017
-130.508896 2803.968018 -1479.568970 -0.014272 0.997986 -0.061813
-133.545105 2803.110107 -1492.718994 -0.002515 0.999975 -0.006584
-138.514404 2803.011963 -1505.727051 0.036345 0.997867 0.054230
-145.977097 2803.888916 -1516.862061 0.190837 0.964860 0.180629
-155.220398 2807.354980 -1525.610962 0.395735 0.882693 0.253470
-165.175201 2813.648926 -1531.987061 0.428906 0.865575 0.258496
-175.352798 2820.523926 -1538.120972 0.386126 0.884078 0.263272
-185.485901 2827.007080 -1545.030029 0.438998 0.840828 0.316684
-195.208801 2834.725098 -1552.043945 0.343229 0.866626 0.362150
-203.676102 2841.812012 -1560.978027 0.187782 0.879346 0.437595
-208.614899 2848.593994 -1572.487061 -0.084483 0.932698 0.350625
-205.555099 2853.645020 -1585.186035 -0.117176 0.982311 0.146068
-196.824005 2856.304932 -1596.069946 0.016628 0.999725 -0.016512
-186.839096 2855.975098 -1605.984985 0.016628 0.999725 -0.016512
