-8138.544922 -2589.115967 -24140.050781 0.003486 0.579838 0.814724
-8138.597168 -2571.960938 -24152.259766 -0.001182 0.543711 0.839272
-8138.581055 -2554.302979 -24163.699219 0.003431 0.502825 0.864382
-8138.623047 -2536.114990 -24174.279297 0.028242 0.462207 0.886322
-8138.933105 -2517.437012 -24184.009766 0.119842 0.449042 0.885437
-8140.204102 -2498.581055 -24193.400391 0.273980 0.477680 0.834720
-8143.354980 -2479.999023 -24203.000000 0.402776 0.553521 0.728962
-8149.040039 -2462.312012 -24213.289063 0.393880 0.652992 0.646885
-8156.291992 -2446.138916 -24225.199219 0.313525 0.749336 0.583264
-8163.893066 -2431.951904 -24239.339844 0.204138 0.836567 0.508413
-8170.598145 -2420.166992 -24256.039063 0.078044 0.917274 0.390534
-8174.477051 -2411.572998 -24275.449219 -0.010490 0.982270 0.187177
-8173.286133 -2407.510986 -24296.699219 0.032409 0.995662 -0.087217
-8165.783203 -2409.523926 -24316.890625 0.140431 0.957522 -0.251854
-8155.774902 -2415.712891 -24334.839844 0.202043 0.902420 -0.380548
-8146.738770 -2424.913086 -24351.859375 0.177406 0.831362 -0.526654
-8141.085938 -2436.750000 -24368.640625 0.098185 0.745309 -0.659450
-8138.744141 -2450.975098 -24384.369141 0.019935 0.650005 -0.759668
-8138.379883 -2467.208984 -24398.250000 0.019935 0.650005 -0.759668
