-815.209778 -791.654175 -17834.449219 -0.426285 0.884672 0.188777
-808.841125 -787.983582 -17837.269531 -0.335910 0.939328 -0.069479
-800.862000 -785.008118 -17835.619141 -0.089092 0.992338 -0.085598
-795.003296 -783.996582 -17829.990234 -0.061004 0.993481 -0.096305
-789.682129 -782.855530 -17821.589844 -0.007002 0.999829 -0.017113
-785.688904 -782.660522 -17811.830078 0.027893 0.991095 0.130201
-783.653687 -783.965820 -17802.330078 0.000251 0.999993 0.003813
-783.055420 -784.000671 -17793.230469 0.008197 0.896701 -0.442560
-783.219910 -779.616089 -17784.349609 0.040296 0.883254 -0.467160
-783.970276 -774.980774 -17775.650391 0.064080 0.898271 -0.434745
-785.233521 -770.742798 -17767.080078 0.052883 0.959444 -0.276895
-786.872192 -768.176270 -17758.500000 0.017723 0.996470 -0.082054
-788.757874 -767.423828 -17749.769531 -0.039002 0.985899 0.162732
-790.895691 -768.980713 -17740.849609 -0.099419 0.921858 0.374557
-793.318787 -772.951172 -17731.720703 -0.121428 0.903077 0.411956
-796.036682 -777.522827 -17722.500000 -0.099843 0.946581 0.306619
-799.036011 -780.822815 -17713.289063 -0.021700 0.997856 0.061738
-802.219910 -781.452515 -17704.230469 -0.021528 0.998002 0.059402
-805.419983 -782.047119 -17695.400391 -0.020359 0.997899 0.061502
-808.283508 -782.638672 -17686.750000 0.024270 0.995142 -0.095410
-810.458618 -781.765808 -17678.199219 0.027058 0.984255 -0.174671
-811.782898 -780.212280 -17669.650391 0.007929 0.981514 -0.191225
-812.138672 -778.537781 -17661.070313 -0.011672 0.990883 -0.134219
-811.395081 -777.370789 -17652.519531 -0.006857 0.999519 -0.030250
-809.475525 -777.101318 -17644.050781 -0.008253 0.999676 -0.024069
-806.526123 -776.869873 -17635.449219 -0.042423 0.994074 -0.100088
-802.745300 -775.810425 -17626.529297 -0.065251 0.988770 -0.134449
-798.319580 -774.278381 -17617.410156 -0.061095 0.991275 -0.116800
-793.538330 -772.906677 -17608.269531 -0.030986 0.997576 -0.062303
-789.111816 -772.213318 -17599.369141 0.011375 0.999528 0.028530
-785.722778 -772.494507 -17590.869141 0.023074 0.995924 0.087196
-783.526672 -773.271973 -17582.570313 0.013048 0.994283 0.105979
-782.499878 -774.174377 -17574.230469 0.001670 0.977199 0.212318
-782.432678 -776.030212 -17565.689453 -0.026824 0.939539 0.341388
-783.120972 -779.232788 -17556.929688 -0.034353 0.977687 0.207238
-784.568176 -781.134216 -17548.199219 0.044818 0.984504 -0.169540
-786.806885 -779.573914 -17539.730469 0.125592 0.923651 -0.362071
-789.730896 -775.871887 -17531.300781 0.144109 0.922606 -0.357814
-793.206970 -771.981628 -17522.669922 0.089151 0.975984 -0.198765
-797.180603 -769.814392 -17513.810547 -0.037227 0.996466 0.075299
-801.620422 -770.658875 -17504.830078 -0.157314 0.946737 0.280966
-806.503174 -774.058289 -17496.109375 -0.244437 0.895398 0.372174
-811.789490 -778.846924 -17488.060547 -0.242817 0.918407 0.312359
-817.379822 -782.770813 -17480.869141 -0.094968 0.990227 0.102135
-823.245728 -783.984070 -17474.560547 0.052172 0.997488 -0.047919
-829.680420 -783.363586 -17468.650391 0.053150 0.997566 -0.045145
-836.981201 -782.693970 -17462.449219 -0.129109 0.984554 0.118254
-845.169678 -784.668579 -17454.949219 -0.312147 0.938804 0.145641
-851.812927 -787.358276 -17451.849609 -0.678884 0.729878 -0.079964
-855.129272 -790.485718 -17452.240234 -0.678884 0.729878 -0.079964
