-8118.544922 -2467.212891 -24398.250000 0.006817 0.667943 -0.744181
-8118.581055 -2451.443115 -24384.859375 0.006910 0.736390 -0.676522
-8118.567871 -2437.424072 -24369.599609 0.007021 0.816162 -0.577780
-8118.559082 -2425.459961 -24352.699219 0.007131 0.883513 -0.468352
-8118.550781 -2415.738037 -24334.359375 0.007273 0.949447 -0.313843
-8118.545898 -2409.199951 -24314.580078 0.007452 0.996209 -0.086672
-8118.547852 -2407.385986 -24293.730469 0.007656 0.978122 0.207893
-8118.557129 -2411.740967 -24273.240234 0.007728 0.898162 0.439597
-8118.570801 -2420.913086 -24254.500000 0.007688 0.795664 0.605689
-8118.590820 -2433.511963 -24237.949219 0.007590 0.687654 0.725999
-8118.616211 -2448.576904 -24223.679688 0.007478 0.586147 0.810170
-8118.644043 -2465.341064 -24211.550781 0.007414 0.504384 0.863447
-8118.665039 -2483.145020 -24201.150391 0.007404 0.455664 0.890121
-8118.672852 -2501.431885 -24191.789063 0.007414 0.439703 0.898113
-8118.663086 -2519.814941 -24182.789063 0.007395 0.458871 0.888472
-8118.643066 -2537.937012 -24173.429688 0.007363 0.506154 0.862412
-8118.626953 -2555.504883 -24163.119141 0.007348 0.549151 0.835691
-8118.617188 -2572.532959 -24151.929688 0.007211 0.582344 0.812911
-8118.544922 -2589.115967 -24140.050781 0.005025 0.582063 0.813128
