-2400.000000 -700.000000 -22730.000000 0.071079 0.997471 0.000273
-2428.519043 -697.967712 -22730.109375 0.269173 0.963074 0.005851
-2456.668945 -689.755493 -22729.630859 0.225098 0.971227 0.077776
-2484.489014 -683.315430 -22727.539063 0.344989 0.938512 -0.013310
-2510.840088 -673.397705 -22723.529297 0.490222 0.868327 -0.075438
-2534.652100 -659.141174 -22717.650391 0.583764 0.796980 -0.155055
-2556.300049 -641.761780 -22710.730469 0.627752 0.750019 -0.208326
-2576.519043 -622.813171 -22703.630859 0.650170 0.724646 -0.228401
-2596.040039 -603.122681 -22696.769531 0.664593 0.711898 -0.226975
-2615.336914 -583.077820 -22690.419922 0.702058 0.677333 -0.219851
-2633.884033 -562.032227 -22684.900391 0.760497 0.615022 -0.208308
-2650.972900 -539.331726 -22680.529297 0.819771 0.544410 -0.177744
-2666.198975 -515.323730 -22677.580078 0.870052 0.481456 -0.105878
-2679.684082 -490.568512 -22676.419922 0.875606 0.482638 0.019350
-2693.356934 -465.475006 -22677.970703 0.811998 0.580080 0.064546
-2709.465088 -441.310791 -22682.929688 0.479466 0.869949 -0.115333
-2729.727051 -422.929596 -22690.669922 -0.265184 0.962291 -0.060614
-2754.919922 -414.428894 -22700.099609 -0.336650 0.933068 0.126695
-2782.571045 -413.296600 -22709.589844 -0.175396 0.974002 0.143378
-2810.061035 -415.911987 -22717.650391 -0.205811 0.974724 0.086924
-2837.431885 -420.831604 -22723.720703 -0.236269 0.969510 0.065019
-2865.193115 -427.180603 -22727.609375 -0.248931 0.967408 0.046431
-2893.056885 -434.182892 -22729.660156 -0.239677 0.970463 0.027502
-2920.750977 -440.979004 -22730.380859 -0.215602 0.976136 0.025963
-2948.739014 -447.153015 -22730.000000 -0.215377 0.976527 0.002931
