13.444420 2808.431885 -1628.401001 -0.004601 0.999982 -0.003880
15.119010 2808.445068 -1626.989014 0.059571 0.981678 0.180997
18.652830 2806.250977 -1616.251953 0.049172 0.998617 0.018619
23.373989 2805.039063 -1608.093994 0.035797 0.999343 0.005594
28.838440 2805.403076 -1601.411011 0.012001 0.999685 0.022043
35.065060 2805.781006 -1595.480957 -0.007174 0.997116 0.075549
41.096001 2805.326904 -1589.338013 0.001819 0.990826 0.135134
46.448509 2806.210938 -1581.640991 0.031939 0.987091 0.156943
50.667950 2804.946045 -1575.365967 0.049848 0.994776 0.089088
55.431011 2804.191895 -1568.593994 0.076348 0.996761 -0.025282
61.430370 2804.440918 -1561.663940 0.179353 0.971419 -0.155492
69.830360 2805.575928 -1554.906006 0.430894 0.856310 -0.284717
78.957733 2806.197021 -1549.588989 0.768813 0.569409 -0.291034
87.478989 2801.729980 -1548.155029 0.954826 0.296762 0.015465
90.720558 2792.675049 -1548.332031 0.811720 0.230994 0.536425
92.821739 2782.462891 -1546.755981 0.490333 0.237865 0.838447
93.165833 2773.441895 -1544.416992 0.306890 0.242826 0.920247
