-0.007992 3895.924 120.6695 0
-0.007753 3884.832 102.2545 0
-0.007487 3873.871 83.27216 0
-0.007201 3862.409 64.28335 0
-0.006907 3849.782 45.85829 0
-0.006612 3835.587 28.60278 0
-0.006327 3820.08 12.61535 0
-0.00606 3803.566 -2.283377 0
-0.005821 3786.344 -16.26772 0
-0.00562 3768.607 -29.49603 0
-0.005464 3750.336 -41.93185 0
-0.005364 3731.496 -53.45724 0
-0.005328 3712.051 -63.95563 0
-0.005367 3692.043 -73.353 0
-0.005476 3671.644 -81.8299 0
-0.005643 3651.016 -89.64764 0
-0.005856 3630.321 -97.062 0
-0.006105 3609.663 -104.3005 0
-0.006377 3589.021 -111.4428 0
-0.00666 3568.381 -118.5206 0
-0.006944 3547.726 -125.5657 0
-0.007215 3527.049 -132.6095 0
-0.007464 3506.376 -139.6856 0
-0.007678 3485.737 -146.8294 0
-0.007845 3465.161 -154.0762 0
-0.007953 3444.672 -161.4609 0
-0.007992 3424.274 -169.0147 0
-0.007953 3403.972 -176.7697 0
-0.007845 3383.775 -184.7703 0
-0.007678 3363.694 -193.0623 0
-0.007464 3343.756 -201.6849 0
-0.007215 3323.991 -210.6756 0
-0.006944 3304.429 -220.0717 0
-0.00666 3285.075 -229.9015 0
-0.006377 3265.893 -240.1241 0
-0.006105 3246.854 -250.672 0
-0.005856 3227.927 -261.4774 0
-0.005643 3209.095 -272.4764 0
-0.005476 3190.347 -283.6357 0
-0.005367 3171.672 -294.9331 0
-0.005328 3153.059 -306.3465 0
-0.005366 3134.507 -317.856 0
-0.00547 3116.033 -329.4735 0
-0.005632 3097.654 -341.2234 0
-0.005839 3079.386 -353.1305 0
-0.00608 3061.252 -365.2197 0
-0.006346 3043.285 -377.5241 0.9960938
-0.006624 3025.519 -390.0808 0.984375
0.585933 3007.97 -402.9028 0.9648438
1.192725 2990.685 -416.0055 0.9414063
1.813062 2973.798 -429.4933 0.921875
2.444076 2957.43 -443.5003 0.9023438
3.079429 2941.7 -458.1623 0.8867188
3.70768 2926.711 -473.6041 0.875
4.310387 2912.594 -489.8435 0.859375
4.860169 2899.493 -506.8727 0.84375
5.270738 2887.528 -524.6799 0.8242188
5.436145 2876.829 -543.3265 0.8085938
5.350407 2867.33 -562.7664 0.7890625
5.064416 2858.869 -582.8251 0.7695313
4.638212 2851.258 -603.3099 0.75
4.135255 2844.312 -624.0423 0.7265625
3.616672 2837.934 -644.9504 0.703125
3.133615 2832.028 -665.9916 0.6757813
2.715909 2826.472 -687.123 0.6484375
2.430013 2821.068 -708.2982 0.6171875
2.139623 2815.764 -729.5185 0.5820313
1.569865 2810.734 -750.8434 0.5390625
0.389019 2806.291 -772.3453 0.4882813
-1.469519 2803.058 -794.1035 0.4335938
-3.380846 2801.725 -816.0944 0.3710938
-4.56434 2802.276 -838.1262 0.3046875
-4.755724 2804.221 -859.9762 0.2460938
-4.108579 2807.09 -881.5761 0.1914063
-3.082547 2810.378 -903.0593 0.1445313
-2.097775 2813.891 -924.5298 0.109375
-1.309121 2817.622 -946.0135 0.08203125
-0.7311 2821.52 -967.4874 0.05859375
-0.33341 2825.585 -988.9379 0.0390625
-0.09057 2829.802 -1010.37 0.02734375
-6.7E-05 2834.133 -1031.789 0.0234375
 