-130.536606 459.993591 -5060.087891 0.003565 0.999840 -0.017515
-130.782104 460.015594 -5058.881836 -0.061644 0.985604 -0.157432
-130.395706 460.197388 -5057.895020 -0.131440 0.976997 -0.167928
-123.658897 462.583099 -5049.288086 0.238749 0.892786 0.382012
-116.787201 456.040802 -5038.292969 -0.009794 0.999767 -0.019223
-110.696800 456.330292 -5026.339844 -0.055602 0.978480 -0.198709
-106.978600 459.240112 -5013.051758 0.024182 0.984541 0.173479
-104.641800 456.228912 -4996.288086 -0.000791 0.999996 -0.002625
-100.086899 456.272186 -4981.175781 -0.057174 0.981600 -0.182191
-95.393356 459.321594 -4966.219238 -0.017779 0.999253 -0.034303
-93.769897 459.458008 -4963.086914 -0.017779 0.999253 -0.034303
