51.780811 2813.361084 -1592.134033 -0.124783 0.990852 0.051391
51.216331 2812.883057 -1599.630005 -0.237642 0.966677 0.095196
46.024010 2815.169922 -1610.084961 -0.343285 0.936186 0.075573
36.358768 2813.039063 -1619.982056 -0.257816 0.966186 -0.003869
25.454861 2807.893066 -1627.550049 -0.003196 0.996663 -0.081563
20.287060 2807.816895 -1637.510986 0.168750 0.982775 -0.075338
19.427790 2807.705078 -1648.447998 0.193451 0.981027 -0.012785
22.266800 2806.422119 -1659.792969 0.109111 0.991780 0.066836
28.575331 2807.781006 -1670.938965 0.024373 0.996472 0.080303
37.407360 2811.989014 -1682.253052 -0.021790 0.998370 0.052751
45.406059 2812.974121 -1692.619995 -0.093583 0.989839 0.107060
53.940571 2816.045898 -1700.319946 -0.158910 0.978639 0.130435
62.679340 2819.173096 -1708.272949 -0.196260 0.971523 0.132762
71.001343 2821.996094 -1717.568970 -0.210035 0.961648 0.176404
78.046593 2824.562012 -1728.639038 -0.208116 0.937585 0.278606
83.136169 2829.352051 -1739.203979 -0.188574 0.902834 0.386434
86.081703 2834.720947 -1750.223999 -0.151593 0.870822 0.467642
87.135979 2841.783936 -1760.203003 -0.115861 0.869384 0.480363
86.122482 2848.542969 -1770.508057 -0.072027 0.894067 0.442105
82.878197 2853.978027 -1781.706055 -0.004371 0.918631 0.395093
77.797501 2858.747070 -1792.850952 0.045841 0.934879 0.351995
71.386047 2863.521973 -1803.099976 0.039742 0.951903 0.303810
63.637581 2867.666016 -1812.760010 -0.018343 0.970697 0.239607
54.759731 2870.365967 -1821.829956 -0.096685 0.983503 0.152884
44.979969 2871.250977 -1830.637939 -0.166134 0.984950 0.047684
35.073681 2870.812988 -1839.115967 -0.205126 0.977587 -0.047405
25.014139 2868.531982 -1847.619995 -0.190866 0.977700 -0.087598
