-0.007992 3895.924072 120.669502 0.000007 0.856608 -0.515967
-0.007753 3884.832031 102.254501 0.000007 0.865996 -0.500051
-0.007487 3873.871094 83.272163 0.000008 0.856120 -0.516777
-0.007201 3862.408936 64.283348 0.000009 0.824883 -0.565304
-0.006907 3849.781982 45.858292 0.000011 0.772267 -0.635298
-0.006612 3835.586914 28.602779 0.000012 0.717813 -0.696235
-0.006327 3820.080078 12.615350 0.000013 0.669858 -0.742489
-0.006060 3803.565918 -2.283377 0.000013 0.630363 -0.776301
-0.005821 3786.343994 -16.267719 0.000012 0.597843 -0.801613
-0.005620 3768.606934 -29.496031 0.000010 0.562667 -0.826684
-0.005464 3750.335938 -41.931850 0.000007 0.521851 -0.853037
-0.005364 3731.496094 -53.457241 0.000003 0.475081 -0.879942
-0.005328 3712.051025 -63.955631 -0.000004 0.425123 -0.905136
-0.005367 3692.042969 -73.352997 -0.000012 0.383742 -0.923441
-0.005476 3671.644043 -81.829903 -0.000020 0.354391 -0.935098
-0.005643 3651.016113 -89.647636 -0.000027 0.337275 -0.941406
-0.005856 3630.321045 -97.061996 -0.000032 0.330685 -0.943741
-0.006105 3609.663086 -104.300499 -0.000036 0.326986 -0.945029
-0.006377 3589.020996 -111.442802 -0.000038 0.324376 -0.945928
-0.006660 3568.381104 -118.520599 -0.000038 0.322822 -0.946460
-0.006944 3547.726074 -125.565697 -0.000036 0.322462 -0.946582
-0.007215 3527.049072 -132.609497 -0.000033 0.323840 -0.946112
-0.007464 3506.375977 -139.685593 -0.000028 0.327093 -0.944992
-0.007678 3485.737061 -146.829407 -0.000022 0.332193 -0.943211
-0.007845 3465.160889 -154.076202 -0.000014 0.339075 -0.940759
-0.007953 3444.672119 -161.460907 -0.000005 0.347270 -0.937765
-0.007992 3424.273926 -169.014694 0.000005 0.356835 -0.934167
-0.007953 3403.971924 -176.769699 0.000013 0.368285 -0.929713
-0.007845 3383.774902 -184.770294 0.000019 0.381672 -0.924298
-0.007678 3363.694092 -193.062302 0.000023 0.396941 -0.917844
-0.007464 3343.756104 -201.684906 0.000025 0.414052 -0.910253
-0.007215 3323.990967 -210.675598 0.000026 0.432968 -0.901409
-0.006944 3304.428955 -220.071701 0.000026 0.452836 -0.891594
-0.006660 3285.074951 -229.901505 0.000024 0.470311 -0.882501
-0.006377 3265.893066 -240.124100 0.000023 0.484612 -0.874729
-0.006105 3246.854004 -250.671997 0.000020 0.495792 -0.868442
-0.005856 3227.927002 -261.477386 0.000017 0.504339 -0.863506
-0.005643 3209.094971 -272.476410 0.000013 0.511475 -0.859298
-0.005476 3190.346924 -283.635712 0.000008 0.517609 -0.855617
-0.005367 3171.672119 -294.933105 0.000003 0.522742 -0.852491
-0.005328 3153.059082 -306.346497 -0.000003 0.527180 -0.849754
-0.005366 3134.507080 -317.855988 -0.000008 0.532343 -0.846529
-0.005470 3116.032959 -329.473511 -0.000012 0.538643 -0.842534
-0.005632 3097.654053 -341.223389 -0.000015 0.546047 -0.837754
-0.005839 3079.385986 -353.130493 -0.000017 0.554695 -0.832054
-0.006080 3061.251953 -365.219696 -0.000018 0.565033 -0.825068
-0.006346 3043.284912 -377.524109 -0.000018 0.577177 -0.816619
-0.006624 3025.519043 -390.080811 0.037262 0.590357 -0.806282
0.585933 3007.969971 -402.902802 0.036852 0.604505 -0.795749
1.192725 2990.685059 -416.005493 0.035884 0.624483 -0.780214
1.813062 2973.798096 -429.493286 0.034179 0.650561 -0.758685
2.444076 2957.429932 -443.500305 0.031655 0.682180 -0.730499
3.079429 2941.699951 -458.162292 0.028302 0.717836 -0.695636
3.707680 2926.710938 -473.604095 0.024323 0.754928 -0.655357
4.310387 2912.593994 -489.843506 0.019669 0.792740 -0.609243
4.860169 2899.492920 -506.872711 0.012853 0.830104 -0.557460
5.270738 2887.528076 -524.679871 0.004414 0.867373 -0.497639
5.436145 2876.829102 -543.326477 -0.001936 0.898476 -0.439018
5.350407 2867.330078 -562.766418 -0.005540 0.921396 -0.388586
5.064416 2858.868896 -582.825073 -0.007243 0.937417 -0.348133
4.638212 2851.258057 -603.309875 -0.007702 0.948227 -0.317500
4.135255 2844.312012 -624.042297 -0.007233 0.956513 -0.291601
3.616672 2837.934082 -644.950378 -0.006201 0.962810 -0.270107
3.133615 2832.028076 -665.991577 -0.005025 0.967140 -0.254194
2.715909 2826.471924 -687.122986 -0.003338 0.968952 -0.247226
2.430013 2821.068115 -708.298218 -0.003318 0.970157 -0.242454
2.139623 2815.763916 -729.518494 -0.006130 0.973309 -0.229416
1.569865 2810.733887 -750.843384 -0.011080 0.979373 -0.201756
0.389019 2806.291016 -772.345276 -0.012464 0.989218 -0.145917
-1.469519 2803.058105 -794.103516 -0.005219 0.998182 -0.060052
-3.380846 2801.725098 -816.094421 0.001339 0.999689 0.024920
-4.564340 2802.275879 -838.126221 0.000777 0.996062 0.088662
-4.755724 2804.220947 -859.976196 -0.003942 0.991301 0.131557
-4.108579 2807.090088 -881.576111 -0.007209 0.988517 0.150941
-3.082547 2810.377930 -903.059326 -0.007391 0.986903 0.161147
-2.097775 2813.891113 -924.529785 -0.006273 0.985272 0.170877
-1.309121 2817.622070 -946.013489 -0.004804 0.983933 0.178474
-0.731100 2821.520020 -967.487427 -0.003451 0.982520 0.186127
-0.333410 2825.584961 -988.937927 -0.002187 0.981189 0.193037
-0.090570 2829.802002 -1010.369995 -0.000837 0.980163 0.198192
-0.000067 2834.133057 -1031.788940 -0.000837 0.980163 0.198192
