103.112701 461.055511 -4824.025879 0.026156 0.999192 -0.030529
111.995697 460.506195 -4834.394043 0.036655 0.985400 -0.166261
114.932503 458.149414 -4847.714844 -0.034356 0.991710 0.123814
120.655602 460.922699 -4868.339844 -0.014464 0.996161 0.086338
123.859497 462.626709 -4887.463867 0.005881 0.996927 0.078114
122.244698 464.316803 -4908.912109 -0.003376 0.999596 -0.028230
119.574303 463.677094 -4931.244141 0.003561 0.994578 -0.103928
120.290703 461.489685 -4952.152832 0.034548 0.991433 -0.125964
125.485298 458.902313 -4971.092773 0.007911 0.999860 -0.014738
134.761703 458.574188 -4988.375000 0.001574 0.999995 -0.002674
145.123993 458.510803 -5005.978027 -0.070027 0.986020 0.151197
154.081696 462.112701 -5025.318848 -0.079546 0.976275 0.201394
159.099899 465.142487 -5038.023926 -0.006630 0.996211 0.086719
160.225601 466.431610 -5052.747070 0.016044 0.998844 0.045313
157.124100 466.878815 -5061.506836 0.016044 0.998844 0.045313
