-7987.375000 -2721.659912 -24539.589844 -0.155316 0.947957 -0.277946
-7982.859863 -2718.551025 -24531.509766 0.018170 0.996144 0.085827
-7979.807129 -2719.849121 -24517.089844 -0.012445 0.979203 0.202502
-7980.674805 -2722.780029 -24502.970703 -0.024202 0.986021 0.164855
-7983.770996 -2726.382080 -24481.880859 0.000745 0.999995 -0.002992
-7988.707031 -2726.319092 -24462.060547 0.003397 0.999860 -0.016373
-7992.692871 -2725.990967 -24442.849609 -0.002655 0.991424 -0.130656
-7992.293945 -2723.403076 -24423.220703 -0.026079 0.994585 -0.100603
-7987.041992 -2721.216064 -24402.960938 -0.011265 0.999595 -0.026130
-7978.139160 -2720.575928 -24382.310547 0.027840 0.996925 0.073251
-7970.500000 -2722.266113 -24362.210938 0.010649 0.996163 0.086867
-7968.140137 -2723.969971 -24342.960938 0.002223 0.991706 0.128507
-7967.770020 -2726.743896 -24321.560547 -0.012077 0.985409 -0.169774
-7966.801758 -2724.386963 -24307.949219 0.016414 0.999192 -0.036693
-7972.375000 -2723.837891 -24295.490234 0.016414 0.999192 -0.036693
