-125.609100 2755.718994 -1215.759033 -0.013050 0.999608 -0.024765
-126.076500 2755.690918 -1216.645996 0.006021 0.995422 0.095392
-126.765999 2756.741943 -1227.569946 -0.003424 0.999197 0.039929
-125.762802 2757.212891 -1239.269043 -0.007388 0.999708 0.023017
-122.211098 2757.493896 -1250.333984 0.015466 0.999664 -0.020799
-115.564201 2757.205078 -1259.272949 0.030640 0.999156 -0.027373
-107.111900 2756.739014 -1266.823975 0.012987 0.999847 -0.011735
-98.802803 2756.542969 -1274.332031 0.001426 0.999996 -0.002367
-93.375267 2756.513916 -1283.337036 0.000282 0.999992 -0.003912
-92.551826 2756.468994 -1294.760986 -0.000033 1.000000 -0.000661
-93.157227 2756.460938 -1306.925049 -0.000970 0.999969 0.007771
-91.763527 2756.549072 -1318.092041 -0.000602 0.999997 0.002156
-88.774963 2756.573975 -1328.806030 0.003342 0.999914 -0.012661
-85.853813 2756.424072 -1339.874023 -0.000006 0.999995 -0.003271
-85.873589 2756.387939 -1350.921021 0.010859 0.999660 0.023717
-90.676033 2756.688965 -1361.410034 0.008171 0.999876 0.013438
-96.756508 2756.873047 -1371.410034 -0.008833 0.999657 -0.024640
-100.327797 2756.595947 -1381.371948 0.000471 0.999993 0.003765
-101.734596 2756.638916 -1392.607056 0.004023 0.998456 0.055409
-102.686203 2757.370117 -1405.713989 0.051876 0.986829 -0.153221
-101.292999 2756.657959 -1409.828979 0.051876 0.986829 -0.153221
