-816.774414 -703.799377 -18038.320313 0.133285 0.950006 0.282353
-806.275879 -711.882385 -18016.080078 -0.001405 0.999892 0.014610
-807.341492 -712.045776 -18005.000000 -0.156390 0.975106 0.157197
-814.494019 -714.351929 -17997.810547 -0.241854 0.933274 0.265531
-821.499573 -718.355713 -17990.119141 0.016054 0.997310 -0.071524
-823.927795 -717.540771 -17979.300781 0.033370 0.947389 -0.318340
-825.220276 -713.352112 -17966.970703 0.108281 0.945316 -0.307658
-829.313782 -709.097900 -17955.339844 0.053437 0.991920 -0.115060
-834.306396 -707.581970 -17944.589844 -0.073240 0.969249 0.234930
-837.470825 -710.281372 -17934.439453 -0.042452 0.938832 0.341748
-838.676880 -713.870117 -17924.730469 0.001403 0.998971 0.045325
-838.385498 -714.297485 -17915.320313 -0.011358 0.997552 -0.069004
-836.823425 -713.623230 -17905.830078 -0.041263 0.984363 -0.171252
-834.476501 -711.830322 -17896.089844 -0.008041 0.998477 -0.054574
-833.107910 -711.311584 -17886.800781 -0.016631 0.988260 0.151873
-834.014771 -712.599487 -17878.519531 -0.007624 0.998855 0.047239
-835.346191 -712.999817 -17870.269531 -0.010862 0.919638 -0.392617
-835.089478 -709.035217 -17860.990234 -0.024544 0.981552 -0.189613
-833.745728 -706.996277 -17850.609375 0.053715 0.884752 0.462957
-832.208374 -714.022827 -17837.359375 0.053715 0.884752 0.462957
