-1853.649048 -285.498596 -17069.099609 0.156445 0.980787 -0.116542
-1833.285034 -290.549408 -17084.269531 0.402534 0.912868 -0.068112
-1764.666016 -318.591888 -17132.820313 0.374319 0.924488 -0.072161
-1725.180054 -335.868896 -17154.279297 0.401706 0.913101 -0.069856
-1686.064941 -354.109192 -17170.970703 0.511404 0.854809 0.088131
-1649.227051 -374.312592 -17178.759766 0.522493 0.827566 0.205268
-1614.656006 -395.401093 -17177.630859 0.500176 0.849784 0.166410
-1579.562988 -416.954010 -17171.890625 0.487282 0.862455 0.136851
-1543.802002 -438.362305 -17164.070313 0.491801 0.861909 0.123471
-1508.633057 -459.591797 -17155.939453 0.508509 0.859508 0.051625
-1473.522949 -480.693298 -17149.769531 0.508834 0.860774 -0.012502
-1437.776001 -501.676300 -17146.689453 0.500882 0.865264 -0.020878
-1401.805054 -522.431213 -17145.640625 0.446033 0.894667 -0.025014
-1365.212036 -540.625671 -17146.119141 0.285878 0.957247 -0.044175
-1326.525024 -551.936829 -17148.740234 0.072397 0.996858 -0.032127
-1286.436035 -554.478271 -17153.419922 -0.153876 0.988064 0.007164
-1247.134033 -547.764771 -17159.240234 -0.291378 0.955624 0.043378
-1207.868042 -535.328430 -17165.009766 -0.268414 0.960078 0.078762
-1167.531982 -523.656921 -17169.029297 -0.168581 0.975231 0.143196
-1125.937988 -515.630920 -17170.689453 -0.061316 0.985120 0.160556
-1083.093994 -512.142090 -17169.929688 0.039612 0.983483 0.176610
-1040.661011 -513.578125 -17166.119141 0.122697 0.973855 0.191187
-1000.018005 -519.377319 -17158.779297 0.160862 0.978919 0.125861
-959.657715 -527.120117 -17148.820313 0.177085 0.963416 0.201173
-921.104126 -536.896606 -17134.109375 0.078460 0.843942 0.530665
-893.095520 -551.919128 -17109.050781 -0.173718 0.804758 0.567614
-881.328918 -568.937317 -17075.539063 -0.354230 0.881489 0.312248
-888.202820 -581.057800 -17039.230469 -0.419108 0.904181 0.082495
-912.139282 -592.141479 -17006.800781 -0.593692 0.792984 -0.136772
-946.217896 -609.572388 -16989.269531 -0.489120 0.614734 -0.618760
-974.426514 -629.945129 -16996.519531 0.138495 0.720002 -0.680012
-988.148071 -647.325012 -17027.849609 0.113061 0.934872 -0.336499
-993.051086 -660.237488 -17069.259766 0.085812 0.975232 -0.203859
-991.986877 -668.120483 -17108.210938 0.104396 0.988218 -0.111920
-985.268372 -672.958313 -17147.460938 0.076115 0.997004 -0.013758
-973.443298 -674.132202 -17187.039063 0.001747 0.989628 0.143642
-957.936584 -668.383179 -17223.789063 -0.087626 0.973994 0.208944
-942.166809 -658.906921 -17260.970703 -0.223000 0.973212 0.055943
-932.627075 -653.322815 -17302.119141 -0.141637 0.988772 0.047639
-928.244202 -650.255310 -17343.740234 -0.007655 0.997325 0.072697
