-993.898315 -796.260986 -17619.320313 0.570942 0.484722 0.662623
-996.405823 -789.329224 -17622.230469 0.016706 0.999550 0.024898
-1003.531006 -788.945618 -17632.849609 -0.105790 0.989916 -0.094206
-1011.179016 -790.411072 -17639.660156 -0.152549 0.983566 -0.096572
-1019.867004 -792.298584 -17645.160156 -0.084720 0.992531 -0.087778
-1026.969971 -793.555725 -17652.519531 -0.010313 0.999801 -0.017053
-1032.310059 -793.761414 -17661.349609 0.036980 0.995479 0.087489
-1036.233032 -792.799988 -17670.630859 0.041349 0.986476 0.158605
-1038.750977 -791.141602 -17680.289063 0.018537 0.985665 0.167691
-1039.873047 -789.393616 -17690.439453 0.000771 0.992718 0.120456
-1039.939941 -788.125427 -17700.890625 -0.001913 0.999458 0.032849
-1039.324951 -787.777222 -17711.449219 0.005214 0.998763 -0.049447
-1038.207031 -788.307922 -17722.050781 0.015876 0.993374 -0.113822
-1036.729980 -789.544922 -17732.640625 0.025529 0.986633 -0.160948
-1035.093018 -791.270813 -17742.960938 0.029658 0.982918 -0.181641
-1033.479980 -793.145081 -17752.839844 0.039619 0.992065 -0.119325
-1031.541016 -793.924927 -17758.679688 0.176039 0.960591 -0.215115
-1029.201050 -794.994080 -17761.539063 0.176039 0.960591 -0.215115
