-887.042480 2399.559082 -3377.293945 0.076842 0.997029 -0.005382
-889.611572 2399.758057 -3377.114014 0.081839 0.996097 -0.033050
-893.147522 2400.095947 -3375.686035 0.028180 0.999188 -0.028812
-896.770386 2400.304932 -3371.981934 0.003676 0.999984 -0.004288
-900.231018 2400.334961 -3367.945068 -0.056601 0.995578 0.074976
-903.180481 2399.873047 -3364.038086 -0.112777 0.975080 0.191052
-905.399414 2398.879883 -3360.279053 -0.119313 0.944406 0.306369
-906.838806 2397.499023 -3356.583008 -0.088663 0.955130 0.282604
-907.994324 2396.302002 -3352.899902 -0.039961 0.993171 0.109610
-909.347595 2395.837891 -3349.187988 0.023001 0.997899 -0.060563
-910.802917 2396.104004 -3345.355957 0.092221 0.966070 -0.241257
-912.330811 2397.248047 -3341.358887 0.027774 0.995016 -0.095775
-913.545288 2397.685059 -3337.170898 -0.043636 0.955543 0.291604
-914.195618 2396.329102 -3332.824951 -0.018059 0.994724 0.100988
-914.979004 2395.870117 -3328.444092 -0.001261 0.999782 0.020827
-915.248413 2395.777100 -3323.995117 -0.001252 0.999321 -0.036832
-915.096619 2395.941895 -3319.529053 -0.000999 0.999960 -0.008918
-914.599976 2395.981934 -3315.094971 0.049160 0.980175 0.191937
-913.500183 2395.085938 -3310.801025 -0.012571 0.997805 -0.065016
-912.653076 2395.382080 -3306.419922 0.026113 0.996495 0.079471
-911.262207 2395.008057 -3302.187012 0.024746 0.999503 0.019518
-909.219604 2394.926025 -3300.575928 0.024746 0.999503 0.019518
