-2400.004883 -699.973572 -22770.009766 0.076006 0.997107 -0.000291
-2428.523926 -697.799622 -22769.900391 0.211267 0.977404 -0.006862
-2456.669922 -691.567383 -22770.380859 0.283762 0.958849 -0.009321
-2484.488037 -683.288574 -22772.470703 0.348112 0.937382 0.011558
-2510.835938 -673.370972 -22776.480469 0.490265 0.868301 0.075458
-2534.643066 -659.115417 -22782.359375 0.583794 0.796950 0.155097
-2556.287109 -641.737122 -22789.279297 0.627834 0.749965 0.208271
-2576.504883 -622.789307 -22796.369141 0.650227 0.724639 0.228263
-2596.024902 -603.099304 -22803.230469 0.664493 0.711958 0.227081
-2615.322021 -583.054688 -22809.589844 0.702121 0.677258 0.219884
-2633.866943 -562.009705 -22815.099609 0.760539 0.615022 0.208157
-2650.955078 -539.310486 -22819.470703 0.819785 0.544383 0.177764
-2666.178955 -515.304077 -22822.419922 0.869957 0.481540 0.106273
-2679.666016 -490.550201 -22823.589844 0.875562 0.482732 -0.019029
-2693.343018 -465.454712 -22822.039063 0.811959 0.580144 -0.064474
-2709.457031 -441.286713 -22817.080078 0.479841 0.869684 0.115770
-2729.729004 -422.902802 -22809.330078 -0.266079 0.962267 0.056952
-2754.927979 -414.402710 -22799.910156 -0.338150 0.933130 -0.122157
-2782.582031 -413.271301 -22790.410156 -0.175236 0.974020 -0.143448
-2810.072998 -415.887512 -22782.349609 -0.205829 0.974703 -0.087115
-2837.445068 -420.807709 -22776.289063 -0.236232 0.969534 -0.064795
-2865.206055 -427.157013 -22772.400391 -0.248928 0.967409 -0.046421
-2893.070068 -434.159302 -22770.349609 -0.239664 0.970476 -0.027150
-2920.762939 -440.954987 -22769.619141 -0.215603 0.976121 -0.026514
-2948.750977 -447.129089 -22770.009766 -0.215378 0.976526 -0.003006
