-8420.795898 -2628.354980 -24820.160156 0.232639 0.969002 -0.083150
-8424.795898 -2627.271973 -24818.730469 0.136549 0.969406 -0.203976
-8427.627930 -2625.982910 -24814.500000 0.228097 0.941058 -0.249764
-8430.239258 -2624.591064 -24811.640625 0.021819 0.999410 -0.026535
-8435.855469 -2624.287109 -24804.810547 -0.000984 0.999999 0.000856
-8442.208984 -2624.298096 -24799.279297 0.206338 0.954055 -0.217264
-8448.276367 -2621.531006 -24792.890625 0.207214 0.853947 -0.477323
-8452.426758 -2615.179932 -24783.330078 0.138287 0.962512 -0.233338
-8458.330078 -2611.916992 -24773.369141 -0.106704 0.974851 0.195654
-8464.093750 -2614.668945 -24762.800781 -0.157668 0.942882 0.293451
-8470.327148 -2619.322021 -24751.199219 0.002236 0.990151 -0.139984
-8470.556641 -2617.290039 -24736.830078 -0.041260 0.983764 -0.174660
-8467.055664 -2614.511963 -24722.009766 0.073436 0.977714 0.196676
-8462.194336 -2617.496094 -24708.990234 0.228603 0.936798 0.264857
-8454.780273 -2621.733887 -24700.400391 0.214249 0.976309 0.030308
-8444.383789 -2624.061035 -24698.929688 -0.176021 0.983613 -0.039013
-8433.650391 -2622.045898 -24696.550781 -0.047874 0.998023 -0.040713
-8422.642578 -2621.135986 -24687.189453 0.025141 0.999323 0.026843
-8410.571289 -2621.785889 -24674.300781 0.077858 0.994538 0.069509
-8397.711914 -2623.594971 -24662.820313 0.062681 0.994520 0.083668
-8386.789063 -2625.510010 -24648.240234 0.009666 0.999456 0.031531
-8379.897461 -2626.285889 -24625.759766 -0.009008 0.997584 -0.068878
-8376.712891 -2624.575928 -24601.410156 -0.008197 0.974508 -0.224205
-8376.008789 -2620.138916 -24582.150391 -0.005252 0.984448 -0.175599
-8375.526367 -2617.259033 -24566.019531 0.018941 0.989523 0.143130
-8373.416992 -2619.604980 -24550.080078 0.054813 0.963972 0.260295
-8370.237305 -2623.863037 -24534.980469 0.203098 0.963204 0.176036
-8364.894531 -2625.835938 -24530.349609 0.010917 0.999925 0.005597
-8360.467773 -2625.896973 -24528.080078 0.161153 0.985576 0.051668
-8355.758789 -2626.746094 -24526.570313 0.161153 0.985576 0.051668
