-665.544617 2352.497070 -3287.495117 -0.067838 0.997667 -0.007644
-659.255615 2352.987061 -3281.656982 -0.110415 0.992698 0.048567
-654.361816 2353.309082 -3275.111084 -0.103562 0.992511 0.064787
-650.385986 2353.285889 -3267.639893 -0.060321 0.997236 0.043380
-646.742371 2353.118896 -3259.279053 -0.035496 0.999235 0.016407
-643.016785 2353.120117 -3250.406982 -0.077165 0.996900 0.015337
-640.162170 2353.201904 -3241.770996 -0.162759 0.986547 0.015339
-639.328979 2353.220947 -3233.987061 -0.221644 0.974883 -0.021827
-641.078613 2353.186035 -3226.754883 -0.163267 0.984191 -0.068649
-645.370422 2353.229980 -3219.601074 -0.006823 0.997289 -0.073271
-650.381409 2353.814941 -3212.233887 0.122714 0.990526 -0.061634
-654.172974 2355.121094 -3204.441895 0.201657 0.979384 0.011912
-656.088501 2355.875977 -3196.138916 0.177813 0.977722 0.111544
-656.340515 2355.013916 -3187.438965 -0.059106 0.993416 0.098141
-657.362427 2353.753906 -3179.169922 -0.142886 0.989729 0.004500
-661.158875 2353.447998 -3171.943115 -0.012389 0.999845 -0.012505
-665.761719 2353.697021 -3164.697021 0.157237 0.987263 0.024253
-668.502075 2353.866943 -3156.398926 0.247566 0.968634 -0.021441
-667.801270 2354.155029 -3147.834961 0.180362 0.978877 -0.096280
-663.156616 2354.791992 -3140.080078 -0.065454 0.993890 -0.088870
-662.221313 2355.019043 -3137.437988 -0.118958 0.973704 -0.194291
-662.108704 2355.552002 -3135.535889 -0.054466 0.967183 -0.248174
