217.264099 577.591614 -5593.067871 0.117371 0.991459 0.056868
230.185806 575.702820 -5586.807129 0.179304 0.974499 0.134912
240.166000 572.826904 -5579.297852 -0.032134 0.958895 0.281935
238.635101 568.826416 -5565.866211 -0.105980 0.988840 0.104711
223.747803 565.673279 -5551.157227 -0.136247 0.961989 0.236672
214.262894 560.276428 -5534.681152 0.000334 0.968416 0.249340
214.286606 555.712708 -5516.956055 0.004602 0.999942 0.009783
222.940094 555.492920 -5498.561035 -0.071013 0.989639 -0.124790
233.855301 558.694824 -5479.379883 -0.059019 0.980740 -0.186186
240.196594 562.874207 -5459.375000 0.003615 0.998586 -0.053041
238.845200 563.932190 -5439.548828 -0.094430 0.977214 0.190093
229.495804 559.367615 -5420.728027 -0.101359 0.977156 0.186793
219.316803 554.725830 -5401.969238 0.010406 0.998917 -0.045349
214.787094 555.669189 -5382.229004 0.027372 0.975557 -0.218035
212.236603 560.281311 -5361.913086 0.052007 0.976781 -0.207830
207.160004 564.868103 -5341.625977 0.015855 0.997990 -0.061362
201.891998 566.205383 -5321.237793 -0.016733 0.984300 0.175709
199.928604 562.491516 -5300.620117 0.033000 0.967273 0.251583
202.579300 557.145081 -5280.412109 0.036505 0.994075 0.102378
209.468704 554.902222 -5261.090820 -0.014115 0.998922 -0.044222
215.655396 555.847717 -5241.708008 -0.013391 0.959086 -0.282799
216.615997 561.842773 -5221.421875 0.033952 0.960971 -0.274557
214.114807 567.709900 -5201.195801 0.094610 0.980497 -0.172264
205.936600 571.115173 -5186.305176 -0.199838 0.912422 0.357142
200.694107 566.299683 -5176.936035 -0.199838 0.912422 0.357142
