141.251404 2758.941895 -1154.796021 -0.421296 0.901273 -0.101084
150.792297 2763.516113 -1158.178955 -0.339691 0.648426 -0.681288
154.981094 2760.987061 -1166.177979 -0.144011 0.931317 -0.334530
158.505203 2758.433105 -1178.711060 -0.141450 0.977693 -0.155267
159.257507 2756.571045 -1195.286987 -0.159953 0.985700 -0.053017
156.192505 2755.558105 -1211.322021 -0.132930 0.990929 0.019746
148.981003 2755.429932 -1227.234009 -0.028069 0.999380 0.021244
140.597305 2755.741943 -1242.546997 0.117997 0.992734 -0.023575
135.023697 2755.928955 -1256.600952 0.293372 0.955701 -0.023825
135.819000 2755.704102 -1268.843994 0.271991 0.957037 0.100508
142.442993 2755.898926 -1279.423950 0.055612 0.985430 0.160735
152.861298 2757.623047 -1289.457031 -0.115116 0.981043 0.155896
165.410294 2761.414063 -1300.192993 -0.186823 0.977691 0.096006
177.939194 2765.514893 -1312.241943 -0.228139 0.971650 -0.062042
188.119293 2767.597900 -1326.062988 -0.250209 0.942494 -0.221585
194.265198 2766.145996 -1341.845947 -0.200667 0.953825 -0.223496
196.712494 2762.905029 -1358.649048 -0.131082 0.981374 -0.140438
196.117706 2760.434082 -1375.168945 -0.074752 0.996813 -0.027866
193.547897 2760.389893 -1390.359009 -0.091650 0.995784 -0.003848
191.831696 2760.829102 -1404.108032 -0.343997 0.935690 -0.078421
187.721405 2758.905029 -1412.156982 -0.168766 0.972589 -0.159965
