4645.5 -880.0016 6194.0 0.003 0.707 0.707
4645.612 -912.9138 6226.923 0.012 0.710 0.705
4647.245 -953.3039 6267.486 0.059 0.714 0.698
4648.5 -962.5771 6276.762 0.153 0.712 0.685
4650.188 -970.143 6284.078 0.267 0.696 0.667
4652.333 -976.858 6289.997 0.381 0.664 0.643
4654.963 -983.5864 6295.088 0.493 0.621 0.610
4658.107 -991.1942 6299.917 0.595 0.575 0.562
4661.738 -1000.385 6305.026 0.685 0.532 0.498
4665.61 -1011.213 6310.884 0.760 0.490 0.426
4669.425 -1023.567 6317.937 0.825 0.440 0.354
4672.877 -1037.337 6326.63 0.881 0.377 0.285
4675.663 -1052.41 6337.41 0.928 0.300 0.222
4677.563 -1068.904 6350.816 0.951 0.242 0.192
4678.692 -1087.868 6367.781 0.914 0.293 0.281
4679.537 -1467.127 6745.134 0.739 0.462 0.491
4678.375 -1518.079 6795.514 0.433 0.599 0.674
4674.956 -1556.871 6831.908 0.169 0.634 0.754
4669.283 -1588.717 6859.231 0.039 0.629 0.777
4662.491 -1617.062 6882.073 0.039 0.629 0.777
