8822.996 -1912.634 11029.78 0.000 1.000 0.000
8615.476 -1890.419 11018.24 0.000 1.000 0.000
8570.153 -1885.212 11014.69 0.000 1.000 0.000
8525.469 -1876.33 11007.67 0.000 1.000 0.000
8481.763 -1865.841 10996.58 0.000 1.000 0.000
8439.254 -1855.012 10981.22 0.000 1.000 0.000
8398.422 -1843.675 10961.78 0.000 1.000 0.000
8359.688 -1831.838 10938.47 0.000 1.000 0.000
8323.462 -1819.511 10911.51 0.000 1.000 0.000
8290.13 -1806.713 10881.19 0.000 1.000 0.000
8259.945 -1793.44 10847.93 0.000 1.000 0.000
8233.304 -1779.72 10811.97 0.000 1.000 0.000
8210.402 -1765.792 10773.67 0.000 1.000 0.000
8191.409 -1751.836 10733.41 0.000 1.000 0.000
8176.461 -1737.768 10691.63 0.000 1.000 0.000
8165.583 -1723.496 10648.78 0.000 1.000 0.000
8158.658 -1708.93 10605.25 0.000 1.000 0.000
8155.267 -1693.303 10559.38 0.000 1.000 0.000
8142.451 -1627.382 10359.24 0.000 1.000 0.000
