2066.26 -964.2796 3303.662 -0.337 0.846 -0.413
2073.457 -964.162 3298.454 -0.378 0.861 -0.341
2078.829 -963.9119 3292.724 -0.429 0.876 -0.219
2082.983 -963.3535 3286.081 -0.459 0.885 -0.083
2086.782 -961.9797 3277.277 -0.467 0.883 0.057
2090.072 -959.1979 3266.167 -0.457 0.868 0.196
2092.725 -954.4509 3252.849 -0.434 0.837 0.333
2094.714 -947.3287 3238.411 -0.403 0.781 0.477
2096.038 -937.4621 3224.193 -0.364 0.701 0.614
2096.708 -924.6369 3211.105 -0.319 0.629 0.709
2096.787 -909.2292 3198.323 -0.285 0.600 0.748
2096.349 -891.7535 3184.581 -0.301 0.604 0.738
2095.46 -873.0673 3168.925 -0.377 0.613 0.694
2094.035 -857.5994 3154.139 -0.475 0.611 0.634
2093.02 -847.7185 3143.695 -0.568 0.597 0.567
2092.01 -840.1743 3134.51 -0.657 0.570 0.493
2090.75 -834.3017 3125.835 -0.745 0.518 0.420
2089.343 -829.8541 3117.393 -0.828 0.437 0.352
2087.59 -825.6329 3108.288 -0.899 0.339 0.276
2086.215 -822.4165 3098.75 -0.953 0.227 0.200
2083.564 -819.6105 3084.216 -0.985 0.126 0.119
2078.874 -806.9042 3003.0 -0.985 0.126 0.119
