5561.236816 -2201.840820 7031.740234 -0.252000 0.956000 -0.149000
5546.208008 -2207.047119 7051.354004 -0.254000 0.954000 -0.157000
5531.679199 -2207.246094 7073.345215 -0.256000 0.952000 -0.170000
5518.120117 -2206.033936 7100.131836 -0.257000 0.947000 -0.191000
5505.513184 -2202.736084 7133.418945 -0.252000 0.940000 -0.229000
5491.890137 -2196.810059 7171.965820 -0.237000 0.928000 -0.287000
5474.796875 -2187.749023 7213.775879 -0.214000 0.911000 -0.353000
5452.378906 -2175.429932 7256.735840 -0.189000 0.892000 -0.411000
5425.173828 -2161.259033 7298.278809 -0.165000 0.875000 -0.455000
5394.314941 -2147.023926 7335.731934 -0.140000 0.861000 -0.489000
5361.057129 -2134.207031 7366.957031 -0.110000 0.851000 -0.514000
5327.121094 -2123.060059 7391.978027 -0.075000 0.845000 -0.529000
5294.336914 -2113.503906 7411.356934 -0.036000 0.842000 -0.538000
5263.815918 -2105.394043 7425.709961 0.005000 0.839000 -0.544000
5233.826172 -2098.279053 7435.816895 0.049000 0.837000 -0.546000
5201.937988 -2091.636963 7442.499023 0.088000 0.836000 -0.542000
5166.235840 -2085.042969 7446.338867 0.124000 0.836000 -0.534000
5126.876953 -2078.479980 7446.963867 0.160000 0.839000 -0.521000
5084.542969 -2072.031982 7443.753906 0.194000 0.847000 -0.495000
5040.323242 -2065.759033 7436.416992 0.227000 0.861000 -0.455000
4996.948242 -2059.543945 7425.890137 0.262000 0.876000 -0.404000
4957.548828 -2053.247070 7413.435059 0.308000 0.887000 -0.345000
4924.310059 -2046.644043 7399.860840 0.363000 0.891000 -0.273000
4895.637207 -2039.182983 7384.205078 0.415000 0.889000 -0.193000
4869.002930 -2030.232056 7365.061035 0.452000 0.885000 -0.110000
4842.392090 -2019.078003 7341.225098 0.477000 0.879000 -0.020000
4815.841797 -2004.694946 7312.276855 0.478000 0.874000 0.093000
4789.888184 -1986.008057 7277.987793 0.445000 0.865000 0.232000
4765.199219 -1961.540039 7237.846191 0.386000 0.843000 0.375000
4742.812012 -1928.520020 7190.208984 0.306000 0.809000 0.502000
4723.858887 -1883.850952 7133.158203 0.206000 0.776000 0.597000
4709.034180 -1825.776001 7065.726074 0.091000 0.752000 0.653000
4697.255859 -1757.879028 6990.747070 -0.009000 0.736000 0.677000
4691.502441 -1715.352295 6946.785156 -0.009000 0.736000 0.677000
