8493.298 -1350.287 10158.96 0.000 0.996 -0.086
8488.298 -1347.005 10179.67 0.000 0.985 -0.175
8483.298 -1341.577 10199.93 0.000 0.961 -0.277
8478.298 -1334.06 10219.52 0.000 0.927 -0.376
8473.298 -1324.538 10238.2 0.000 0.882 -0.470
8468.298 -1313.114 10255.79 0.000 0.828 -0.560
8463.298 -1299.915 10272.09 0.000 0.765 -0.644
8458.298 -1285.083 10286.92 0.000 0.694 -0.720
8453.298 -1268.784 10300.12 0.000 0.615 -0.789
8448.298 -1251.193 10311.55 0.000 0.529 -0.849
8443.298 -1232.505 10321.07 0.000 0.437 -0.899
8438.298 -1212.923 10328.58 0.000 0.341 -0.940
8433.298 -1192.664 10334.01 0.000 0.241 -0.971
8428.298 -1171.948 10337.29 0.000 0.138 -0.990
8423.298 -1151.002 10338.39 0.000 0.033 -0.999
8418.298 -1130.056 10337.29 0.000 -0.071 -0.997
8413.298 -1109.34 10334.01 0.000 -0.175 -0.985
8408.298 -1089.081 10328.58 0.000 -0.277 -0.961
8403.298 -1069.499 10321.07 0.000 -0.376 -0.927
8398.298 -1050.811 10311.55 0.000 -0.471 -0.882
8393.298 -1033.22 10300.12 0.000 -0.561 -0.828
8388.298 -1016.92 10286.92 0.000 -0.644 -0.765
8383.298 -1002.089 10272.09 0.000 -0.721 -0.693
8378.298 -988.8895 10255.79 0.000 -0.789 -0.614
8373.298 -977.4661 10238.2 0.001 -0.850 -0.526
8368.298 -967.9439 10219.51 0.001 -0.900 0.436
8363.298 -960.4274 10199.93 0.001 -0.941 -0.338
8358.298 -954.9988 10179.67 0.001 -0.971 -0.238
8353.298 -951.7178 10158.96 0.001 -0.991 -0.135
8348.324 -950.6173 10138.0 0.001 -1.000 -0.031
8343.352 -951.7178 10117.04 0.001 -0.997 0.072
8338.351 -954.9988 10096.33 0.001 -0.984 0.176
8333.351 -960.4274 10076.07 0.001 -0.961 0.278
8328.351 -967.944 10056.49 0.001 -0.926 0.377
8323.351 -977.4661 10037.8 0.001 -0.882 0.472
8318.351 -988.8895 10020.21 0.001 -0.827 0.561
8313.351 -1002.089 10003.91 0.001 -0.764 0.645
8308.351 -1016.92 9989.077 0.001 -0.693 0.721
8303.351 -1033.22 9975.877 0.000 -0.613 0.790
8298.352 -1050.811 9964.454 0.000 -0.527 0.850
8293.352 -1069.499 9954.932 0.000 -0.436 0.900
8288.352 -1089.081 9947.415 0.000 -0.339 0.941
8283.352 -1109.34 9941.986 0.000 -0.239 0.971
8278.352 -1130.056 9938.705 0.000 -0.136 0.991
8273.324 -1151.001 9937.617 0.000 -0.049 0.999
8200.324 -1450.999 9937.617 -0.000 0.010 1.000
8195.351 -1471.956 9938.718 0.000 0.079 0.997
8190.351 -1492.672 9941.999 0.000 0.176 0.984
8185.351 -1512.932 9947.428 0.000 0.278 0.961
8180.351 -1532.514 9954.943 0.000 0.377 0.926
8175.351 -1551.202 9964.466 0.000 0.472 0.882
8170.351 -1568.793 9975.889 0.000 0.561 0.828
8165.351 -1585.091 9989.089 0.000 0.645 0.765
8160.351 -1599.922 10003.92 0.000 0.721 0.693
8155.351 -1613.122 10020.22 0.000 0.789 0.614
8150.351 -1624.546 10037.81 0.000 0.849 0.528
8145.351 -1634.068 10056.5 0.000 0.900 0.436
8140.351 -1641.584 10076.08 0.000 0.941 0.340
8135.351 -1647.013 10096.34 0.000 0.971 0.240
8130.351 -1650.294 10117.06 0.000 0.991 0.137
8125.324 -1651.383 10138.0 0.000 0.998 0.067
