426.384949 -931.412170 2501.750000 0.000000 1.000000 0.000000
377.135498 -922.655884 2500.587891 0.000000 1.000000 0.000000
333.214996 -913.956970 2497.141113 0.000000 1.000000 0.000000
291.208405 -904.616028 2486.997070 0.000000 1.000000 0.000000
251.301605 -894.555420 2470.394043 0.000000 1.000000 0.000000
214.483902 -884.009521 2447.742920 0.000000 1.000000 0.000000
181.669907 -873.225281 2419.604980 0.000000 1.000000 0.000000
153.673798 -862.456970 2386.684082 0.000000 1.000000 0.000000
131.002594 -851.930420 2349.904053 0.000000 1.000000 0.000000
114.367500 -841.913818 2310.021973 0.000000 1.000000 0.000000
104.182503 -832.641479 2268.030029 0.000000 1.000000 0.000000
100.692001 -823.932312 2224.131104 0.000000 1.000000 0.000000
100.607697 -814.244019 2175.121094 0.000000 1.000000 0.000000
