-697.395630 2435.790039 -3428.209961 -0.018139 0.998326 -0.054922
-695.414673 2436.156006 -3422.211914 -0.023372 0.996597 -0.079045
-693.580872 2436.690918 -3416.010010 0.001698 0.999973 0.007194
-692.093506 2436.643066 -3409.709961 0.019633 0.991551 0.128226
-691.117126 2435.799072 -3403.333008 0.009415 0.977336 0.211484
-690.830688 2434.404053 -3396.898926 -0.017584 0.980823 0.194106
-691.408203 2433.132080 -3390.523926 0.005524 0.999628 -0.026703
-692.624878 2433.295898 -3384.643066 0.024378 0.975618 -0.218119
-693.260376 2434.583008 -3378.957031 0.004942 0.957329 -0.288957
-693.376221 2436.627930 -3372.184082 -0.007661 0.977049 -0.212879
-693.141785 2438.049072 -3365.669922 -0.009461 0.987078 -0.159961
-692.689026 2439.293945 -3358.014893 -0.002348 0.999063 -0.043224
-692.190918 2439.691895 -3348.843994 0.008385 0.994281 0.106466
-691.625916 2438.918945 -3341.669922 -0.006167 0.982683 0.185195
-691.844421 2437.680908 -3335.107910 -0.048287 0.955628 0.290592
-692.378784 2436.676025 -3331.892090 -0.048287 0.955628 0.290592
