-125.6091 2755.719 -1215.759 -0.0029719754 0.999944 -0.010162957
-126.0765 2755.691 -1216.646 2.8801645E-4 0.9989762 0.04523768
-126.766 2756.742 -1227.57 -0.0016273594 0.99845296 0.055579003
-125.7628 2757.213 -1239.269 -0.0028756133 0.99977344 0.021091001
-122.2111 2757.494 -1250.334 0.009490356 0.99992406 -0.007860881
-115.5642 2757.205 -1259.273 0.021468075 0.9994729 -0.024349969
-107.1119 2756.739 -1266.824 0.015912628 0.9997228 -0.017352967
-98.8028 2756.543 -1274.332 0.0046984614 0.99996775 -0.0065186196
-93.37527 2756.514 -1283.337 6.7216286E-4 0.9999959 -0.0027802591
-92.55183 2756.469 -1294.761 0.0 1.0 -1.915137E-4
-93.15723 2756.461 -1306.925 -4.793724E-4 0.9999918 0.00402675
-91.76353 2756.549 -1318.092 -9.587512E-5 0.9999985 0.0017257541
-88.77496 2756.574 -1328.806 9.5825084E-4 0.9999819 -0.005944519
-85.85381 2756.424 -1339.874 0.0021079176 0.9999963 -0.0017264517
-85.87359 2756.388 -1350.921 0.0054643503 0.99989754 0.0132304
-90.67603 2756.689 -1361.41 0.0048904475 0.9999314 0.010641953
-96.75651 2756.873 -1371.41 -0.0018215815 0.99997246 -0.0071904673
-100.3278 2756.596 -1381.372 -0.0012463739 0.9999959 0.0025886293
-101.7346 2756.639 -1392.607 -0.011504054 0.9998709 -0.011217184
-102.6862 2757.37 -1405.714 -0.04895822 0.9926685 -0.110509545
-101.293 2756.658 -1409.829 -0.060768064 0.9875601 -0.14502491
