-995.3467 -706.4858 -19506.61 0.27772614 0.71812046 0.6380997
-995.7001 -719.5394 -19494.39 0.19724712 0.90847224 0.36847213
-983.6839 -724.2587 -19486.05 -0.016200854 0.999785 0.012942799
-969.0945 -722.3673 -19478.51 -0.18041453 0.9648766 -0.19095473
-956.8936 -716.6481 -19468.1 -0.163932 0.94852734 -0.27096537
-949.8201 -710.173 -19452.26 -0.067416094 0.97506595 -0.2114272
-947.5443 -706.1123 -19434.04 -0.013111185 0.99813634 -0.059599172
-949.166 -706.2878 -19417.06 0.002780213 0.99997956 0.005752485
-954.6442 -707.0297 -19401.48 0.041607022 0.997039 -0.06466957
-963.6397 -704.7753 -19386.66 0.06865395 0.99159616 -0.10965266
-973.7903 -701.8852 -19372.29 0.031790458 0.99838614 -0.04705771
-982.8452 -701.3384 -19358.16 -0.023179187 0.99884546 0.042076815
-991.011 -702.6671 -19344.2 -0.039005533 0.9966391 0.072035745
-998.7225 -704.3984 -19330.17 -0.012174823 0.99984086 0.013038666
-1004.878 -704.4872 -19314.93 0.016545283 0.99747455 -0.06907044
-1008.654 -702.12 -19297.47 0.021663276 0.99963564 -0.016107164
-1008.352 -701.473 -19279.42 0.04008392 0.97400814 0.22293827
-1006.083 -703.9668 -19273.08 0.04991052 0.9525753 0.30018193
