13.44442 2808.432 -1628.401 -0.004601271 0.99998194 -0.0038797176
15.11901 2808.445 -1626.989 0.059570506 0.9816778 0.18099737
18.65283 2806.251 -1616.252 0.06387684 0.9918351 0.11037641
23.37399 2805.039 -1608.094 -0.02666804 0.9991121 -0.032614816
28.83844 2805.403 -1601.411 -0.031797018 0.9990355 -0.030282563
35.06506 2805.781 -1595.481 0.03690366 0.99861157 0.03758902
41.096 2805.327 -1589.338 -0.053597804 0.99558365 -0.07707478
46.44851 2806.211 -1581.641 0.0920608 0.9862963 0.13691004
50.66795 2804.946 -1575.366 0.05218737 0.995877 0.07419838
55.43101 2804.192 -1568.594 -0.017775128 0.99963117 -0.020532627
61.43037 2804.441 -1561.664 -0.08157713 0.9945038 -0.06563019
69.83036 2805.576 -1554.906 -0.050718773 0.9982759 -0.029545473
78.95773 2806.197 -1549.589 0.45285475 0.88832146 0.076206565
87.47899 2801.73 -1548.155 0.9399296 0.3374881 -0.05132371
90.72056 2792.675 -1548.332 0.7747545 0.24909362 0.58112633
92.82174 2782.463 -1546.756 0.1407908 0.2535121 0.95703167
93.16583 2773.442 -1544.417 0.1407908 0.2535121 0.95703167
