-106.5529 2798.336 -1436.101 -0.48910454 0.40794307 0.7709469
-109.5492 2802.217 -1439.65 -0.2392117 0.84296745 0.48185444
-111.1224 2804.016 -1445.893 -0.027629381 0.9934697 0.11070033
-112.3027 2804.446 -1455.431 -0.006039991 0.9999629 -0.006136204
-115.5041 2803.861 -1463.64 0.0075741773 0.9999537 0.0059442315
-120.8978 2804.393 -1470.115 0.013034612 0.999575 0.026075108
-123.5473 2804.368 -1477.278 0.004409622 0.9998869 0.014380794
-125.412 2804.804 -1484.277 -0.0045047104 0.9996768 -0.02501972
-127.183 2804.143 -1491.885 -0.008047835 0.99927217 -0.037287474
-128.6359 2803.972 -1499.647 -9.587461E-4 0.9999929 -0.003642853
-129.2002 2803.992 -1507.295 3.8405674E-4 0.9997418 0.022720486
-129.3342 2804.082 -1514.912 2.878024E-4 0.99823374 0.059407666
-129.6011 2804.821 -1522.573 -9.5720857E-4 0.9983892 0.05672769
-129.3586 2805.171 -1530.258 0.0020139138 0.99996316 0.008341052
-128.039 2805.267 -1537.771 0.01589775 0.9987881 -0.04657854
-125.706 2804.638 -1545.081 0.022104945 0.99787325 -0.061321687
-122.647 2804.053 -1552.215 0.009583692 0.99966216 -0.024158336
-119.501 2804.038 -1559.306 -0.0034513173 0.99994045 0.010354343
-116.5456 2804.042 -1566.526 -0.0146528585 0.9988338 0.046003886
-114.0375 2804.574 -1573.9 -0.015703209 0.9986245 0.05002601
-112.0181 2805.23 -1581.432 0.005267716 0.9990473 -0.043321226
-110.3652 2804.648 -1589.122 0.025271205 0.98330283 -0.18021366
-109.1533 2802.975 -1596.928 0.030007169 0.95974636 -0.27926075
-108.1226 2800.481 -1604.319 0.029930243 0.9543575 -0.29716292
