-815.2098 -791.6542 -17834.45 -0.42628482 0.8846719 0.18877722
-808.8411 -787.9836 -17837.27 -0.33591008 0.939328 -0.069479145
-800.862 -785.0081 -17835.62 -0.08909215 0.9923384 -0.08559766
-795.0033 -783.9966 -17829.99 -0.06100386 0.9934806 -0.096305236
-789.6821 -782.8555 -17821.59 -0.0070016454 0.99982905 -0.017112589
-785.6889 -782.6605 -17811.83 0.02789331 0.9910952 0.13020056
-783.6537 -783.9658 -17802.33 2.5072E-4 0.99999267 0.0038134407
-783.0554 -784.0007 -17793.23 0.008197021 0.8967014 -0.44256005
-783.2199 -779.6161 -17784.35 0.040295675 0.8832542 -0.46715978
-783.9703 -774.9808 -17775.65 0.06408044 0.89827085 -0.43474504
-785.2335 -770.7428 -17767.08 0.052883007 0.9594438 -0.27689517
-786.8722 -768.1763 -17758.5 0.017722635 0.99647033 -0.08205359
-788.7579 -767.4238 -17749.77 -0.039001517 0.98589927 0.16273163
-790.8957 -768.9807 -17740.85 -0.099419154 0.92185825 0.3745573
-793.3188 -772.9512 -17731.72 -0.12142825 0.9030765 0.4119562
-796.0367 -777.5228 -17722.5 -0.09984324 0.9465814 0.30661854
-799.036 -780.8228 -17713.29 -0.02169961 0.9978565 0.061738126
-802.2199 -781.4525 -17704.23 -0.021527719 0.998002 0.05940222
-805.42 -782.0471 -17695.4 -0.020358756 0.99789923 0.06150153
-808.2835 -782.6387 -17686.75 0.024270073 0.9951421 -0.09541039
-810.4586 -781.7658 -17678.2 0.027057946 0.9842549 -0.17467134
-811.7829 -780.2123 -17669.65 0.007929161 0.9815143 -0.19122486
-812.1387 -778.5378 -17661.07 -0.011671889 0.990883 -0.13421857
-811.3951 -777.3708 -17652.52 -0.00685655 0.9995188 -0.030249922
-809.4755 -777.1013 -17644.05 -0.008252975 0.9996762 -0.02406877
-806.5261 -776.8699 -17635.45 -0.042423442 0.9940738 -0.10008768
-802.7453 -775.8104 -17626.53 -0.0652509 0.98876995 -0.13444866
-798.3196 -774.2784 -17617.41 -0.061095297 0.99127454 -0.11679983
-793.5383 -772.9067 -17608.27 -0.030985685 0.9975762 -0.062302914
-789.1118 -772.2133 -17599.37 0.01137522 0.9995282 0.028530031
-785.7228 -772.4945 -17590.87 0.023074485 0.995924 0.087195784
-783.5267 -773.272 -17582.57 0.013048038 0.9942828 0.10597896
-782.4999 -774.1744 -17574.23 0.0016704904 0.9771993 0.21231766
-782.4327 -776.0302 -17565.69 -0.026824402 0.93953943 0.3413885
-783.121 -779.2328 -17556.93 -0.0343528 0.9776871 0.20723817
-784.5682 -781.1342 -17548.2 0.044817727 0.9845037 -0.16953976
-786.8069 -779.5739 -17539.73 0.1255919 0.9236509 -0.36207128
-789.7309 -775.8719 -17531.3 0.14410935 0.922606 -0.35781386
-793.207 -771.9816 -17522.67 0.08915075 0.9759839 -0.1987652
-797.1806 -769.8144 -17513.81 -0.03722667 0.9964659 0.07529877
-801.6204 -770.6589 -17504.83 -0.15731403 0.94673663 0.2809664
-806.5032 -774.0583 -17496.11 -0.24443671 0.8953978 0.37217394
-811.7895 -778.8469 -17488.06 -0.24281652 0.9184072 0.31235933
-817.3798 -782.7708 -17480.87 -0.094967835 0.990227 0.10213486
-823.2457 -783.9841 -17474.56 0.05217237 0.99748766 -0.04791944
-829.6804 -783.3636 -17468.65 0.053149957 0.9975656 -0.04514476
-836.9812 -782.694 -17462.45 -0.12910908 0.9845542 0.11825376
-845.1697 -784.6686 -17454.95 -0.3121465 0.9388041 0.14564143
-851.8129 -787.3583 -17451.85 -0.67888427 0.729878 -0.07996428
-855.1293 -790.4857 -17452.24 -0.67888427 0.729878 -0.07996428
