-8118.545 -2467.213 -24398.25 0.0019078347 0.66333747 -0.74831796
-8118.581 -2451.443 -24384.86 2.7763573E-4 0.7227163 -0.69114476
-8118.568 -2437.424 -24369.6 7.6891E-5 0.8037156 -0.5950137
-8118.559 -2425.46 -24352.7 9.2376425E-4 0.8763432 -0.4816864
-8118.551 -2415.738 -24334.36 6.344203E-4 0.94384515 -0.3303875
-8118.546 -2409.2 -24314.58 -1.7369157E-7 0.99340004 -0.114701286
-8118.548 -2407.386 -24293.73 9.457385E-5 0.9885484 0.15090422
-8118.557 -2411.741 -24273.24 8.790554E-5 0.9188468 0.39461443
-8118.571 -2420.913 -24254.5 -7.844909E-4 0.81824094 0.5748749
-8118.591 -2433.512 -24237.95 -1.3618318E-4 0.7102099 0.7039899
-8118.616 -2448.577 -24223.68 0.0011664035 0.6080898 0.7938674
-8118.644 -2465.341 -24211.55 6.53259E-4 0.5241679 0.8516147
-8118.665 -2483.145 -24201.15 0.0 0.4693517 0.8830113
-8118.673 -2501.432 -24191.79 -3.0081614E-4 0.44822532 0.89392054
-8118.663 -2519.815 -24182.79 -5.2983407E-4 0.4605236 0.88764733
-8118.643 -2537.937 -24173.43 -2.3859268E-4 0.49771476 0.86734074
-8118.627 -2555.505 -24163.12 -1.5545634E-4 0.54048127 0.841356
-8118.617 -2572.533 -24151.93 6.025665E-4 0.571634 0.82050854
-8118.545 -2589.116 -24140.05 0.0011624843 0.5772052 0.8165983
