141.2514 2758.942 -1154.796 -0.27001315 0.9518576 0.14512028
150.7923 2763.516 -1158.179 -0.056057077 0.99500906 -0.08255072
154.9811 2760.987 -1166.178 0.054134063 0.97927076 -0.19518797
158.5052 2758.433 -1178.711 0.0105517935 0.991542 -0.12935653
159.2575 2756.571 -1195.287 -0.005356344 0.99763036 -0.06859331
156.1925 2755.558 -1211.322 -0.0039300174 0.99977386 -0.02089903
148.981 2755.43 -1227.234 0.0034524947 0.99996465 0.0076699457
140.5973 2755.742 -1242.547 0.0045062485 0.99995667 0.008149307
135.0237 2755.929 -1256.601 5.758422E-4 0.99999595 -0.0027802591
135.819 2755.704 -1268.844 -0.016775459 0.99974453 0.015147713
142.443 2755.899 -1279.424 -0.07108161 0.9948103 0.07280075
152.8613 2757.623 -1289.457 -0.13699463 0.9818244 0.13135193
165.4103 2761.414 -1300.193 -0.14725962 0.97786707 0.14862919
177.9392 2765.515 -1312.242 -0.08325342 0.99235135 0.09114657
188.1193 2767.598 -1326.063 -0.0022993784 0.9992912 -0.037575282
194.2652 2766.146 -1341.846 0.024477487 0.98931897 -0.14369668
196.7125 2762.905 -1358.649 0.007787631 0.9906511 -0.1361981
196.1177 2760.434 -1375.169 -0.0010535389 0.99896705 -0.04542915
193.5479 2760.39 -1390.359 -1.9173477E-4 0.99991745 -0.012847372
191.8317 2760.829 -1404.108 -0.004271248 0.9899948 -0.14103943
187.7214 2758.905 -1412.157 -0.0061125695 0.9808403 -0.19471748
