-887.0425 2399.559 -3377.294 0.07357378 0.9961007 -0.048685674
-889.6116 2399.758 -3377.114 0.06449883 0.9967154 -0.04897191
-893.1475 2400.096 -3375.686 0.038509984 0.998672 -0.03422099
-896.7704 2400.305 -3371.982 0.0018222943 0.99999756 0.0012463781
-900.231 2400.335 -3367.945 -0.045130238 0.99660367 0.06887973
-903.1805 2399.873 -3364.038 -0.09523386 0.98039925 0.1724757
-905.3994 2398.88 -3360.279 -0.11636714 0.95782346 0.26274124
-906.8388 2397.499 -3356.583 -0.09722794 0.9607107 0.2599649
-907.9943 2396.302 -3352.9 -0.048211798 0.98909825 0.13914146
-909.3476 2395.838 -3349.188 0.0129355425 0.999324 -0.034413043
-910.8029 2396.104 -3345.356 0.055635 0.9858389 -0.1581974
-912.3308 2397.248 -3341.359 0.033249944 0.99616534 -0.080926344
-913.5453 2397.685 -3337.171 -0.021667877 0.9910738 0.13154203
-914.1956 2396.329 -3332.825 -0.026246775 0.9880693 0.15175717
-914.979 2395.87 -3328.444 -0.005652492 0.9992561 0.038149096
-915.2484 2395.777 -3323.995 -0.0012462751 0.9999167 -0.012847372
-915.0966 2395.942 -3319.529 0.005464153 0.9998614 0.015722895
-914.6 2395.982 -3315.095 0.016622134 0.9963204 0.08407909
-913.5002 2395.086 -3310.801 0.009384696 0.9988795 0.046386976
-912.6531 2395.382 -3306.42 0.009775919 0.99962455 0.025595896
-911.2622 2395.008 -3302.187 0.017140714 0.998653 0.04897267
-909.2196 2394.926 -3300.576 0.014847783 0.9991058 0.039586134
