-30.032240 3895.729004 120.478500 -0.000001 0.664432 -0.747349
-30.032261 3878.722900 105.359200 -0.000002 0.652129 -0.758108
-30.032310 3861.064941 90.169724 -0.000004 0.647875 -0.761746
-30.032391 3843.790039 75.477188 -0.000004 0.657402 -0.753540
-30.032471 3827.913086 61.625832 -0.000005 0.706894 -0.707319
-30.032560 3813.934082 47.655220 -0.000003 0.796850 -0.604178
-30.032640 3801.771973 31.614620 -0.000002 0.847036 -0.531536
-30.032709 3790.354004 13.419370 -0.000001 0.857571 -0.514365
-30.032749 3778.697021 -6.015628 -0.000000 0.839502 -0.543356
-30.032761 3766.100098 -25.478260 0.000001 0.781844 -0.623474
-30.032721 3751.706055 -43.528549 0.000004 0.734450 -0.678663
-30.032631 3735.948975 -60.580898 0.000007 0.699364 -0.714766
-30.032471 3718.992920 -77.171593 0.000013 0.609544 -0.792752
-30.032240 3700.187988 -91.630630 0.000032 0.459364 -0.888248
-30.031860 3679.600098 -102.277802 0.000077 0.311052 -0.950393
-30.031290 3657.979980 -109.353798 0.000138 0.229987 -0.973194
-30.030560 3636.163086 -114.509598 0.000217 0.170967 -0.985277
-30.029720 3614.194092 -118.321701 0.000322 0.128431 -0.991718
-30.028790 3592.031006 -121.191902 0.000425 0.100242 -0.994963
-30.027830 3569.763916 -123.435303 0.000492 0.086433 -0.996258
-30.026871 3547.374023 -125.377800 0.002197 0.021300 0.999771
-30.025780 3524.069092 -124.881302 0.000461 0.117500 0.993073
-30.024460 3500.019043 -122.035698 0.000950 0.064848 0.997895
-30.023001 3476.435059 -120.503098 0.000446 0.150089 -0.988672
-30.021500 3454.523926 -123.829399 0.000151 0.406897 -0.913474
-30.020020 3434.458984 -132.767105 0.000095 0.537148 -0.843488
-30.018660 3415.468018 -144.860901 0.000066 0.607806 -0.794086
-30.017500 3397.256104 -158.800598 0.000046 0.630663 -0.776057
-30.016640 3379.392090 -173.317795 0.000028 0.609319 -0.792925
-30.016150 3361.385986 -187.154495 0.000002 0.536941 -0.843620
-30.016121 3342.678955 -199.061005 -0.000037 0.481167 -0.876629
-30.016569 3323.531006 -209.570999 -0.000068 0.486095 -0.873906
-30.017389 3304.527100 -220.141602 -0.000092 0.493332 -0.869841
-30.018520 3285.631104 -230.858505 -0.000109 0.499681 -0.866210
-30.019890 3266.812988 -241.713898 -0.000122 0.504335 -0.863508
-30.021441 3248.031982 -252.682999 -0.000130 0.507427 -0.861695
-30.023109 3229.268066 -263.732513 -0.000132 0.509185 -0.860657
-30.024811 3210.509033 -274.830811 -0.000130 0.510989 -0.859587
-30.026501 3191.763916 -285.973999 -0.000122 0.513083 -0.858339
-30.028090 3173.035889 -297.168915 -0.000110 0.515498 -0.856891
-30.029530 3154.327881 -308.423492 -0.000092 0.518729 -0.854939
-30.030750 3135.668945 -319.744690 -0.000068 0.524645 -0.851321
-30.031670 3117.096924 -331.190094 -0.000041 0.533628 -0.845720
-30.032240 3098.667969 -342.818298 -0.225589 0.556543 -0.799606
-33.365860 3080.340088 -354.634399 -0.222623 0.562580 -0.796205
-36.699329 3062.147949 -366.556488 -0.217244 0.570847 -0.791795
-40.032650 3044.028076 -378.705505 -0.213791 0.580973 -0.785343
-43.365860 3026.250000 -390.949799 -0.094974 0.749820 -0.654790
-45.752941 3011.575928 -407.407288 -0.069902 0.772446 -0.631222
-47.641121 2997.471924 -424.457703 -0.045229 0.801709 -0.596001
-48.967781 2984.400879 -441.939514 -0.020306 0.836112 -0.548183
-49.633942 2972.593994 -459.923187 0.003610 0.874485 -0.485039
-49.496140 2962.324951 -478.436401 0.102587 0.876512 -0.470322
-45.633308 2952.370117 -496.146088 0.107797 0.905077 -0.411358
-40.985222 2943.754883 -513.883423 0.109672 0.931358 -0.347195
-35.403221 2936.510010 -531.554688 0.108213 0.953444 -0.281486
-28.725630 2930.624023 -548.924500 0.104827 0.963781 -0.245231
-21.318020 2925.408936 -566.253784 0.103954 0.964806 -0.241544
-13.663020 2920.131104 -584.040710 0.105998 0.963357 -0.246391
-5.751205 2914.556885 -602.431519 0.112184 0.958960 -0.260403
2.443315 2908.433105 -621.452698 0.124538 0.950836 -0.283551
10.926610 2901.562012 -640.767700 0.142156 0.938553 -0.314498
19.655371 2893.769043 -660.078674 0.163022 0.920470 -0.355188
28.510300 2884.756104 -679.371582 0.185211 0.894366 -0.407194
37.257519 2874.188965 -698.602722 0.204785 0.857706 -0.471597
45.505600 2861.775879 -717.597107 0.208882 0.811479 -0.545775
52.663380 2847.354980 -736.299194 0.175354 0.761550 -0.623933
57.910370 2830.851074 -754.968628 0.089943 0.680908 -0.726825
60.222210 2810.604004 -773.650513 -0.149947 0.637281 -0.755903
56.418541 2786.965088 -792.825317 -0.346087 0.737442 -0.580002
43.962929 2764.701904 -813.699524 -0.293602 0.894269 -0.337760
23.834829 2749.347900 -836.854919 -0.097318 0.989895 -0.103132
0.377629 2744.451904 -861.713623 0.103514 0.987467 0.119136
-21.035351 2749.669922 -886.358276 0.212897 0.926057 0.311597
-36.746449 2761.019043 -909.353027 0.196190 0.878201 0.436203
-46.465950 2773.924072 -930.963013 0.134491 0.865883 0.481829
-52.259121 2786.373047 -951.717712 0.082465 0.872374 0.481833
-55.745899 2797.955078 -972.090576 0.052479 0.876030 0.479393
-57.952301 2809.116943 -992.245911 0.035857 0.865177 0.500184
-59.374962 2820.648926 -1012.091003 0.018388 0.823454 0.567085
-60.000271 2833.943115 -1031.375000 0.018388 0.823454 0.567085
