-8098.545 -2589.116 -24140.05 -7.155088E-4 0.57407004 0.81880593
-8098.638 -2571.961 -24152.26 -0.0014748779 0.5494024 0.8355566
-8098.678 -2554.303 -24163.7 -0.010858839 0.51010346 0.8600445
-8098.666 -2536.115 -24174.29 -0.048240405 0.4748462 0.8787457
-8098.39 -2517.437 -24184.04 -0.13220885 0.46167946 0.87713903
-8097.122 -2498.581 -24193.5 -0.25061575 0.4857578 0.8373954
-8093.918 -2479.999 -24203.17 -0.3468446 0.5486476 0.76071334
-8088.163 -2462.312 -24213.48 -0.36778072 0.63860464 0.6759597
-8080.866 -2446.139 -24225.35 -0.3132089 0.7353164 0.6010075
-8073.241 -2431.952 -24239.45 -0.21308596 0.8264273 0.5211644
-8066.523 -2420.167 -24256.11 -0.10010622 0.90983975 0.40270373
-8062.633 -2411.573 -24275.46 -0.022948682 0.9767988 0.2129262
-8063.807 -2407.511 -24296.66 -0.03248597 0.9991637 -0.024829999
-8071.291 -2409.524 -24316.81 -0.10721207 0.9684438 -0.22499377
-8081.299 -2415.713 -24334.74 -0.1674193 0.9137912 -0.37007624
-8090.356 -2424.913 -24351.77 -0.16735418 0.84642154 -0.50553256
-8096.039 -2436.75 -24368.59 -0.118077345 0.7636857 -0.63469833
-8098.414 -2450.975 -24384.35 -0.06615477 0.68376523 -0.72669715
-8098.71 -2467.209 -24398.24 -0.056469735 0.6669584 -0.742952
