-8263.447 -2724.899 -24455.47 -0.06437456 0.9977848 -0.016777031
-8263.34 -2724.877 -24454.24 -0.15516788 0.9866544 -0.0493553
-8262.689 -2724.696 -24453.4 -0.11125451 0.9936336 -0.01773676
-8253.785 -2722.31 -24447.06 0.09778891 0.9879882 0.11965259
-8244.074 -2728.852 -24438.48 0.0984457 0.9936475 0.05452597
-8234.84 -2728.563 -24428.75 -0.016253911 0.99715793 -0.07356555
-8227.501 -2725.653 -24417.06 0.013707859 0.99982715 0.012559329
-8220.499 -2728.664 -24401.65 0.0054632463 0.9996955 0.024062365
-8211.839 -2728.621 -24388.45 -0.043814387 0.994986 -0.089906074
-8203.091 -2725.571 -24375.45 -0.038106382 0.99564904 -0.08503438
-8200.646 -2725.435 -24372.9 -0.028119966 0.9973459 -0.06715848
