-8138.545 -2589.116 -24140.05 0.0034864622 0.57983804 0.81472427
-8138.597 -2571.961 -24152.26 -0.0011821736 0.54371107 0.83927166
-8138.581 -2554.303 -24163.7 0.0034307188 0.5028246 0.8643816
-8138.623 -2536.115 -24174.28 0.028242407 0.4622068 0.8863223
-8138.933 -2517.437 -24184.01 0.11984155 0.4490425 0.8854371
-8140.204 -2498.581 -24193.4 0.27397996 0.47767976 0.8347197
-8143.355 -2479.999 -24203.0 0.4027763 0.5535214 0.7289618
-8149.04 -2462.312 -24213.29 0.39388043 0.6529919 0.64688474
-8156.292 -2446.139 -24225.2 0.31352466 0.7493364 0.58326423
-8163.893 -2431.952 -24239.34 0.20413825 0.83656657 0.5084131
-8170.598 -2420.167 -24256.04 0.07804393 0.9172744 0.39053404
-8174.477 -2411.573 -24275.45 -0.0104899695 0.9822703 0.18717651
-8173.286 -2407.511 -24296.7 0.03240917 0.995662 -0.08721749
-8165.783 -2409.524 -24316.89 0.14043145 0.957522 -0.25185442
-8155.775 -2415.713 -24334.84 0.20204332 0.9024199 -0.38054803
-8146.739 -2424.913 -24351.86 0.1774056 0.8313619 -0.5266542
-8141.086 -2436.75 -24368.64 0.09818458 0.7453091 -0.6594498
-8138.744 -2450.975 -24384.37 0.019935012 0.6500051 -0.75966823
-8138.38 -2467.209 -24398.25 0.019935012 0.6500051 -0.75966823
