-4506.077 -2417.493 -22750.0 -0.17483597 0.9845968 -0.0012462771
-4467.273 -2411.466 -22750.0 -0.29093114 0.956744 0.0
-4429.802 -2399.915 -22750.0 -0.49997887 0.8660366 0.0013422533
-4397.052 -2378.416 -22750.0 -0.6805342 0.7327063 0.003835001
-4369.863 -2350.13 -22750.1 -0.77437526 0.63264334 0.0102584725
-4345.7 -2319.162 -22750.47 -0.82203555 0.56907666 0.020228295
-4324.045 -2286.39 -22751.07 -0.8519715 0.5227 0.030483615
-4303.873 -2252.688 -22751.85 -0.8714359 0.4889094 0.039586134
-4284.868 -2218.313 -22752.78 -0.88467 0.4636182 0.049164183
-4266.644 -2183.523 -22753.82 -0.8927703 0.44657812 0.059407666
-4249.092 -2148.39 -22754.97 -0.89856285 0.4332216 0.07002744
-4232.194 -2112.946 -22756.31 -0.9040513 0.41911098 0.083888024
-4215.974 -2077.196 -22757.89 -0.9083127 0.40532044 0.103360355
-4200.413 -2041.167 -22759.73 -0.9108219 0.39321268 0.12564714
-4185.417 -2004.913 -22761.85 -0.9114642 0.3833705 0.14919803
-4170.664 -1968.582 -22764.31 -0.90980077 0.37642393 0.1748361
-4156.229 -1932.148 -22767.12 -0.90918183 0.36559376 0.19932297
-4142.24 -1895.566 -22770.23 -0.9108132 0.34981632 0.21919814
-4129.007 -1858.715 -22773.48 -0.9103571 0.34005982 0.23581605
-4116.087 -1821.769 -22776.91 -0.9059488 0.34118727 0.2506951
-4103.176 -1784.837 -22780.52 -0.9002471 0.34744295 0.2623711
-4090.127 -1747.976 -22784.35 -0.8937737 0.35790575 0.27031848
-4076.715 -1711.268 -22788.4 -0.8860843 0.37379578 0.27410105
-4062.755 -1674.804 -22792.75 -0.87594163 0.39723676 0.2737321
-4047.777 -1638.776 -22797.4 -0.8589295 0.43325993 0.2729944
-4031.597 -1603.373 -22802.63 -0.8303224 0.48743442 0.27013397
-4013.212 -1569.128 -22808.45 -0.77560127 0.57624584 0.25764972
-3991.967 -1536.96 -22815.66 -0.64449143 0.7322377 0.22013344
-3964.471 -1510.613 -22824.64 -0.38959163 0.911003 0.13524774
-3929.939 -1497.479 -22837.34 -0.118220724 0.9921436 0.04092731
-3891.747 -1495.957 -22845.71 0.011217159 0.99993485 0.002109255
-3852.568 -1497.812 -22845.33 0.014669193 0.99989235 -3.841559E-4
-3814.042 -1497.935 -22837.92 -0.018598124 0.9997946 -0.008052564
-3777.225 -1497.318 -22824.29 -0.07638498 0.99643713 -0.035754513
-3741.98 -1494.13 -22807.3 -0.19870794 0.9759526 -0.08961923
-3707.655 -1484.996 -22790.67 -0.37993753 0.9132695 -0.14692222
-3675.235 -1467.377 -22777.46 -0.5586666 0.81193686 -0.16926356
-3645.896 -1442.651 -22769.26 -0.6779049 0.7184644 -0.15573634
-3619.084 -1414.578 -22763.34 -0.7364631 0.66285855 -0.13505812
-3593.89 -1384.744 -22758.98 -0.7659812 0.6324265 -0.1153668
-3569.527 -1354.149 -22755.3 -0.79162484 0.6043282 -0.09009698
-3546.227 -1322.611 -22752.82 -0.8140123 0.57772225 -0.06017416
-3523.885 -1290.328 -22751.41 -0.8288664 0.5584224 -0.033836883
-3502.163 -1257.596 -22750.69 -0.8362227 0.54812133 -0.017161306
-3480.807 -1224.619 -22750.37 -0.84075207 0.54134685 -0.0089165615
-3459.668 -1191.501 -22750.21 -0.84526104 0.5343295 -0.0050809802
-3438.642 -1158.311 -22750.1 -0.846904 0.5317385 -0.0027802591
-3417.631 -1125.111 -22750.03 -0.8463968 0.5325522 -7.6657924E-4
-3396.674 -1091.877 -22750.0 -0.84695816 0.53165954 9.5875264E-5
-3375.691 -1058.66 -22750.0 -0.8499015 0.5269416 0.0
-3355.034 -1025.238 -22750.0 -0.8518157 0.52384156 1.7484555E-7
-3334.507 -991.7371 -22750.0 -0.85141367 0.52449477 -1.915137E-4
-3313.973 -958.2399 -22750.0 -0.8511115 0.5249843 -8.6242345E-4
-3293.421 -924.7544 -22750.0 -0.8521164 0.5233511 -0.0011499561
-3272.866 -891.2694 -22750.0 -0.8538682 0.52048916 -2.8831162E-4
-3252.412 -857.7252 -22750.0 -0.85560995 0.517621 2.8762573E-4
-3232.156 -824.0563 -22750.0 -0.85356873 0.52098024 1.917506E-4
-3211.722 -790.5035 -22750.0 -0.8384421 0.5449907 9.5875264E-5
-3190.357 -757.5369 -22750.0 -0.80973494 0.5867958 1.917506E-4
-3166.521 -726.3026 -22750.0 -0.78664136 0.6174102 -1.915137E-4
-3142.642 -695.1097 -22750.0 -0.74889076 0.6626933 -4.8000016E-4
-3116.581 -665.7375 -22750.0 -0.66486245 0.7469657 -4.8000016E-4
-3086.624 -640.3717 -22750.0 -0.5715752 0.82054955 -3.841559E-4
-3053.59 -619.1161 -22750.0 -0.5250048 0.85109925 -9.566942E-5
-3020.0 -598.7419 -22750.0 -0.52149165 0.8532564 1.7484555E-7
