-130.5366 459.9936 -5060.088 0.0035653242 0.99984026 -0.017515274
-130.7821 460.0156 -5058.882 -0.06164429 0.98560387 -0.15743236
-130.3957 460.1974 -5057.895 -0.13144039 0.97699726 -0.167928
-123.6589 462.5831 -5049.288 0.2387485 0.8927857 0.38201162
-116.7872 456.0408 -5038.293 -0.00979439 0.99976724 -0.019222638
-110.6968 456.3303 -5026.34 -0.055601697 0.97848 -0.19870907
-106.9786 459.2401 -5013.052 0.024182346 0.98454064 0.17347868
-104.6418 456.2289 -4996.288 -7.9118775E-4 0.99999624 -0.002625012
-100.0869 456.2722 -4981.176 -0.057173766 0.9815995 -0.18219115
-95.39336 459.3216 -4966.219 -0.017778998 0.9992534 -0.034303047
-93.7699 459.458 -4963.087 -0.017778998 0.9992534 -0.034303047
