-665.5446 2352.497 -3287.495 -0.041780714 0.9983737 -0.038785398
-659.2556 2352.987 -3281.657 -0.023573842 0.9992247 -0.031532142
-654.3618 2353.309 -3275.111 0.001287418 0.99999624 0.002419255
-650.386 2353.286 -3267.64 0.007313736 0.99983245 0.016782498
-646.7424 2353.119 -3259.279 -4.9116068E-5 1.0 -1.16964475E-4
-643.0168 2353.12 -3250.407 -0.0028219968 0.9999595 -0.008537309
-640.1622 2353.202 -3241.771 -2.5889985E-4 0.999997 -0.0024187248
-639.329 2353.221 -3233.987 -0.0011032613 0.999989 0.0045603723
-641.0786 2353.186 -3226.755 0.0027099352 0.9999862 -0.00451706
-645.3704 2353.23 -3219.601 0.03684472 0.9978518 -0.054169368
-650.3814 2353.815 -3212.234 0.06521471 0.9888302 -0.13402182
-654.173 2355.121 -3204.442 0.01983726 0.9960988 -0.08598589
-656.0885 2355.876 -3196.139 -0.0028539407 0.9951307 0.09852281
-656.3405 2355.014 -3187.439 -0.01833935 0.9887578 0.14839725
-657.3624 2353.754 -3179.17 -0.017415283 0.9992987 0.03315122
-661.1589 2353.448 -3171.943 0.015547597 0.99957955 -0.024476025
-665.7617 2353.697 -3164.697 0.0060962555 0.999811 -0.018460121
-668.5021 2353.867 -3156.399 -0.0027329235 0.99943846 -0.03339679
-667.8013 2354.155 -3147.835 -0.036116965 0.99752647 -0.060302205
-663.1566 2354.792 -3140.08 -0.026945414 0.99673474 -0.07611675
-662.2213 2355.019 -3137.438 -0.015919428 0.96303767 -0.26889592
-662.1087 2355.552 -3135.536 -0.015919428 0.96303767 -0.26889592
