-8081.344 -2607.302 -25065.28 0.13814825 0.989404 0.044663016
-8067.175 -2609.19 -25062.95 0.15143168 0.98128015 0.11898627
-8055.474 -2612.066 -25058.58 0.097909465 0.97398 0.20439354
-8053.126 -2616.067 -25045.27 -1.8743526E-4 0.977495 0.21095851
-8063.223 -2619.22 -25026.94 -0.025597287 0.97417474 0.22433981
-8067.638 -2624.617 -25008.45 0.01864946 0.9773171 0.21095851
-8062.582 -2629.18 -24991.46 0.009373841 0.99772406 0.06677534
-8049.061 -2629.4 -24976.28 -0.063424535 0.9949367 -0.077963136
-8033.146 -2626.198 -24960.99 -0.08614525 0.9881454 -0.12707336
-8021.384 -2622.019 -24943.61 -0.044135746 0.9979301 -0.046770018
-8017.05 -2620.961 -24924.21 -0.018833777 0.9920043 0.12479103
-8020.668 -2625.525 -24903.51 -0.021164557 0.9853435 0.16926387
-8025.101 -2630.167 -24882.63 -0.01380467 0.9998374 0.011600647
-8023.837 -2629.224 -24862.42 -0.014571558 0.98684084 -0.1610368
-8020.513 -2624.612 -24842.22 -0.016563995 0.98153234 -0.19057792
-8019.619 -2620.025 -24821.32 -0.0013385401 0.99723274 -0.07433116
-8018.879 -2618.688 -24800.28 0.03441479 0.9939188 0.104599975
-8014.906 -2622.402 -24779.95 0.07545848 0.9781952 0.1934945
-8006.625 -2627.748 -24761.33 0.063687906 0.9900888 0.12517153
-7994.531 -2630.578 -24744.76 -0.011113082 0.9991993 -0.038436305
-7983.095 -2629.045 -24727.93 -0.07047447 0.9770885 -0.20082663
-7976.412 -2623.05 -24708.75 -0.063875504 0.9641498 -0.25755614
-7973.065 -2617.183 -24688.65 -0.02174482 0.994593 -0.10154768
-7976.678 -2613.778 -24672.05 0.021873822 0.974843 0.22181655
-7979.043 -2618.593 -24661.58 0.031026458 0.9514577 0.30621174
