-0.007992 3895.924 120.6695 -0.005924584 0.8582461 -0.5132042
-0.007753 3884.832 102.2545 -0.0059458697 0.8613296 -0.5080117
-0.007487 3873.871 83.27216 -0.0058989497 0.85453266 -0.5193641
-0.007201 3862.409 64.28335 -0.0058716526 0.8275893 -0.5613035
-0.006907 3849.782 45.85829 -0.0059246426 0.7822043 -0.62299395
-0.006612 3835.587 28.60278 -0.005941767 0.7290889 -0.6843932
-0.006327 3820.08 12.61535 -0.0058671464 0.6799345 -0.73324937
-0.00606 3803.566 -2.283377 -0.005877579 0.6385699 -0.7695414
-0.005821 3786.344 -16.26772 -0.005898845 0.6031792 -0.7975839
-0.00562 3768.607 -29.49603 -0.0058813742 0.56797993 -0.82302135
-0.005464 3750.336 -41.93185 -0.0059244926 0.52812964 -0.8491431
-0.005364 3731.496 -53.45724 -0.0059252894 0.4828044 -0.87570816
-0.005328 3712.051 -63.95563 -0.005926441 0.4352835 -0.9002739
-0.005367 3692.043 -73.353 -0.005951812 0.3928731 -0.9195734
-0.005476 3671.644 -81.8299 -0.00596234 0.36152837 -0.93234205
-0.005643 3651.016 -89.64764 -0.005934781 0.34196052 -0.9396956
-0.005856 3630.321 -97.062 -0.0059281266 0.33239305 -0.9431223
-0.006105 3609.663 -104.3005 -0.005910305 0.32786742 -0.94470525
-0.006377 3589.021 -111.4428 -0.0059236507 0.3251481 -0.94564456
-0.00666 3568.381 -118.5206 -0.0059232633 0.32342434 -0.9462355
-0.006944 3547.726 -125.5657 -0.0059133065 0.3228807 -0.9464212
-0.007215 3527.049 -132.6095 -0.0059348946 0.32405946 -0.9460181
-0.007464 3506.376 -139.6856 -0.0059253285 0.3269614 -0.9450191
-0.007678 3485.737 -146.8294 -0.005916826 0.3317594 -0.9433455
-0.007845 3465.161 -154.0762 -0.0059355036 0.33826378 -0.9410326
-0.007953 3444.672 -161.4609 -0.005943367 0.34628224 -0.93811154
-0.007992 3424.274 -169.0147 -0.005934611 0.35571003 -0.9345775
-0.007953 3403.972 -176.7697 -0.0059437114 0.36679757 -0.9302818
-0.007845 3383.775 -184.7703 -0.0059370166 0.3798733 -0.92501944
-0.007678 3363.694 -193.0623 -0.0059433104 0.39481115 -0.9187431
-0.007464 3343.756 -201.6849 -0.00592058 0.41165793 -0.9113192
-0.007215 3323.991 -210.6756 -0.0059383046 0.43009636 -0.9027634
-0.006944 3304.429 -220.0717 -0.005901859 0.44930032 -0.8933613
-0.00666 3285.075 -229.9015 -0.005910789 0.4670268 -0.8842234
-0.006377 3265.893 -240.1241 -0.0059129256 0.48179698 -0.8762629
-0.006105 3246.854 -250.672 -0.0059157857 0.49359986 -0.869669
-0.005856 3227.927 -261.4774 -0.0058817323 0.50282747 -0.8643668
-0.005643 3209.095 -272.4764 -0.005919823 0.5102668 -0.8599958
-0.005476 3190.347 -283.6357 -0.005942843 0.51652014 -0.85625446
-0.005367 3171.672 -294.9331 -0.005954088 0.52184665 -0.8530185
-0.005328 3153.059 -306.3465 -0.005958551 0.52666384 -0.8500528
-0.005366 3134.507 -317.856 -0.005965532 0.531788 -0.8468565
-0.00547 3116.033 -329.4735 -0.0059305443 0.5378641 -0.8430107
-0.005632 3097.654 -341.2234 -0.0059060017 0.5451193 -0.83833766
-0.005839 3079.386 -353.1305 -0.005944924 0.5536114 -0.83275396
-0.00608 3061.252 -365.2197 -0.0059452583 0.5637095 -0.82595176
-0.006346 3043.285 -377.5241 0.0028689732 0.5755533 -0.8177592
-0.006624 3025.519 -390.0808 0.046878926 0.58857435 -0.8070828
0.585933 3007.97 -402.9028 0.13311999 0.6003367 -0.78859043
1.192725 2990.685 -416.0055 0.23249455 0.6098389 -0.75765616
1.813062 2973.798 -429.4933 0.32814154 0.61802655 -0.7143993
2.444076 2957.43 -443.5003 0.42119363 0.6229527 -0.65918577
3.079429 2941.7 -458.1623 0.5125226 0.6210904 -0.5929311
3.70768 2926.711 -473.6041 0.6024717 0.6077953 -0.51731294
4.310387 2912.594 -489.8435 0.6906229 0.5781574 -0.43448123
4.860169 2899.493 -506.8727 0.77488977 0.52769256 -0.3479747
5.270738 2887.528 -524.6799 0.85098374 0.4543178 -0.26348063
5.436145 2876.829 -543.3265 0.91354865 0.36075217 -0.18784772
5.350407 2867.33 -562.7664 0.95968795 0.25193945 -0.12460123
5.064416 2858.869 -582.8251 0.9887085 0.13155876 -0.07174837
4.638212 2851.258 -603.3099 0.9996688 0.0015091795 -0.025691845
4.135255 2844.312 -624.0423 0.99045056 -0.1368672 0.016585661
3.616672 2837.934 -644.9504 0.957592 -0.2824107 0.05711057
3.133615 2832.028 -665.9916 0.89622635 -0.4328901 0.0968736
2.715909 2826.472 -687.123 0.8003107 -0.5837786 0.1367675
2.430013 2821.068 -708.2982 0.6646014 -0.72742057 0.17077555
2.139623 2815.764 -729.5185 0.48462003 -0.8540256 0.18916571
1.569865 2810.734 -750.8434 0.24879262 -0.95038885 0.18671726
0.389019 2806.291 -772.3453 -0.053779334 -0.9857129 0.1596178
-1.469519 2803.058 -794.1035 -0.39923966 -0.9106505 0.10641143
-3.380846 2801.725 -816.0944 -0.7189876 -0.6937071 0.04274735
-4.56434 2802.276 -838.1262 -0.9338384 -0.35768363 -0.002876103
-4.755724 2804.221 -859.9762 -0.99970496 0.021640828 -0.011025029
-4.108579 2807.09 -881.5761 -0.93358916 0.3579477 0.016873246
-3.082547 2810.378 -903.0593 -0.79505306 0.603334 0.062278587
-2.097775 2813.891 -924.5298 -0.64095914 0.7602562 0.10574409
-1.309121 2817.622 -946.0135 -0.49846286 0.85562557 0.13942626
-0.7311 2821.52 -967.4874 -0.3712909 0.91390693 0.16406448
-0.33341 2825.585 -988.9379 -0.2570927 0.94914705 0.18172291
-0.09057 2829.802 -1010.37 -0.17120023 0.9662742 0.19236559
-6.7E-5 2834.133 -1031.789 -0.15519054 0.9686367 0.19405885
