-8420.796 -2628.355 -24820.16 0.2326394 0.969002 -0.08315041
-8424.796 -2627.272 -24818.73 0.13654901 0.9694061 -0.20397598
-8427.628 -2625.983 -24814.5 0.2280975 0.94105756 -0.2497642
-8430.239 -2624.591 -24811.64 0.02181902 0.99940974 -0.026534904
-8435.855 -2624.287 -24804.81 -9.836513E-4 0.99999917 8.5634814E-4
-8442.209 -2624.298 -24799.28 0.20633756 0.9540552 -0.21726383
-8448.276 -2621.531 -24792.89 0.20721358 0.8539471 -0.47732255
-8452.427 -2615.18 -24783.33 0.13828716 0.9625124 -0.23333813
-8458.33 -2611.917 -24773.37 -0.10670374 0.9748507 0.19565366
-8464.094 -2614.669 -24762.8 -0.15766832 0.9428823 0.2934513
-8470.327 -2619.322 -24751.2 0.0022357176 0.9901511 -0.13998447
-8470.557 -2617.29 -24736.83 -0.04125972 0.9837639 -0.17466041
-8467.056 -2614.512 -24722.01 0.07343634 0.9777144 0.19667603
-8462.194 -2617.496 -24708.99 0.2286032 0.93679845 0.2648569
-8454.78 -2621.734 -24700.4 0.21424945 0.97630864 0.030308066
-8444.384 -2624.061 -24698.93 -0.17602135 0.983613 -0.03901265
-8433.65 -2622.046 -24696.55 -0.04787374 0.99802333 -0.040713068
-8422.643 -2621.136 -24687.19 0.025141116 0.9993234 0.026843496
-8410.571 -2621.786 -24674.3 0.07785787 0.9945384 0.0695092
-8397.712 -2623.595 -24662.82 0.0626811 0.99452037 0.0836682
-8386.789 -2625.51 -24648.24 0.009666255 0.99945605 0.031531412
-8379.897 -2626.286 -24625.76 -0.0090081785 0.99758446 -0.06887762
-8376.713 -2624.576 -24601.41 -0.008196512 0.97450763 -0.22420473
-8376.009 -2620.139 -24582.15 -0.0052515953 0.98444784 -0.1755989
-8375.526 -2617.259 -24566.02 0.018941352 0.98952264 0.14312997
-8373.417 -2619.605 -24550.08 0.0548132 0.9639719 0.26029536
-8370.237 -2623.863 -24534.98 0.20309837 0.96320426 0.17603591
-8364.895 -2625.836 -24530.35 0.010917203 0.9999248 0.0055970834
-8360.468 -2625.897 -24528.08 0.16115302 0.9855761 0.05166789
-8355.759 -2626.746 -24526.57 0.16115302 0.9855761 0.05166789
