30.023161 3895.743896 120.458603 -0.000041 0.657251 -0.753672
30.022350 3878.538086 105.454002 -0.000265 0.624324 -0.781165
30.021509 3860.665039 90.385963 -0.000437 0.632301 -0.774723
30.020679 3843.188965 75.837112 -0.000041 0.648885 -0.760886
30.019930 3827.157959 62.164871 -0.000030 0.698736 -0.715380
30.019300 3813.085938 48.387829 -0.000019 0.788967 -0.614436
30.018730 3800.862061 32.534142 -0.000016 0.842213 -0.539145
30.018141 3789.385010 14.526380 -0.000015 0.854347 -0.519703
30.017559 3777.674072 -4.730174 0.000122 0.806943 -0.590630
30.017010 3765.041016 -24.023291 -0.000021 0.675581 -0.737286
30.016500 3750.644043 -41.911800 0.000081 0.652735 -0.757586
30.016069 3734.926025 -58.819679 0.000214 0.642540 -0.766252
30.015730 3718.049072 -75.295418 0.000084 0.457243 -0.889342
30.015511 3699.343018 -89.690292 0.000084 0.210085 -0.977683
30.015440 3678.855957 -100.354599 0.000193 0.074959 -0.997187
30.015539 3657.315918 -107.488998 0.000564 0.105743 -0.994393
30.015841 3635.554932 -112.720703 0.000753 0.088950 -0.996036
30.016270 3613.645996 -116.673103 0.001065 0.081383 -0.996682
30.016800 3591.583984 -119.795700 0.001148 0.086921 -0.996215
30.017370 3569.461914 -122.456802 0.000889 0.109396 -0.993998
30.017941 3547.309082 -125.032997 0.001554 -0.038907 -0.999242
30.018459 3524.631104 -126.286903 -0.001053 -0.015648 -0.999877
30.018890 3501.394043 -125.892998 -0.000414 0.008096 -0.999967
30.019190 3478.174072 -125.607002 -0.000030 0.081751 -0.996653
30.019300 3455.517090 -127.160004 -0.000054 0.234162 -0.972198
30.019011 3434.073975 -132.189102 -0.000063 0.433496 -0.901156
30.018299 3414.402100 -142.133194 -0.000030 0.585316 -0.810805
30.017370 3396.179932 -155.985199 0.000417 0.652332 -0.757933
30.016439 3378.770996 -171.638306 0.002382 0.625221 -0.780444
30.015720 3361.395996 -187.014008 0.000790 0.461451 -0.887165
30.015440 3343.160889 -200.039902 0.000491 0.382655 -0.923891
30.015471 3324.150879 -210.866302 0.000567 0.438893 -0.898539
30.015570 3305.058105 -221.232605 0.000949 0.453612 -0.891199
30.015720 3285.879883 -231.399704 0.001652 0.461883 -0.886939
30.015921 3266.656006 -241.518600 0.000287 0.468813 -0.883298
30.016159 3247.428955 -251.716003 0.000056 0.477520 -0.878621
30.016430 3228.271973 -262.101990 0.000028 0.491201 -0.871046
30.016720 3209.270020 -272.787109 0.000025 0.509396 -0.860532
30.017031 3190.521973 -283.912109 0.000025 0.522694 -0.852520
30.017361 3171.943115 -295.359985 0.000024 0.527125 -0.849788
30.017679 3153.393066 -306.877899 0.000023 0.529540 -0.848285
30.017990 3134.867920 -318.438599 0.002253 0.532807 -0.846234
30.018299 3116.397949 -330.053101 0.046661 0.541331 -0.839514
30.018579 3097.986084 -341.762085 0.263511 0.552148 -0.791008
33.352161 3079.680908 -353.577301 0.228024 0.563367 -0.794118
36.685711 3061.449951 -365.566589 0.219595 0.571428 -0.790726
40.019211 3043.440918 -377.698303 0.267253 0.552382 -0.789588
43.352661 3025.437988 -390.173309 0.503887 0.385626 -0.772910
46.998989 3004.714111 -398.913086 0.308100 0.404927 -0.860877
50.066181 2983.960938 -407.659607 0.214817 0.409882 -0.886482
52.497021 2962.943115 -416.752106 0.130172 0.421423 -0.897473
54.183769 2941.680908 -426.411194 0.011468 0.455250 -0.890290
54.965839 2920.156006 -436.933014 -0.214056 0.539343 -0.814426
51.918320 2899.832031 -449.929504 -0.218048 0.606184 -0.764850
47.978401 2879.970947 -464.591400 -0.223980 0.669967 -0.707798
42.994049 2860.914063 -481.045502 -0.221685 0.736222 -0.639400
36.797932 2843.000000 -499.513702 -0.199675 0.803136 -0.561340
29.708670 2827.167969 -519.798401 -0.170613 0.860039 -0.480858
22.207420 2813.877930 -541.171387 -0.148186 0.903088 -0.403079
14.337380 2802.917969 -563.094788 -0.128547 0.934830 -0.331010
6.115861 2794.055908 -585.150085 -0.106694 0.958651 -0.263825
-2.443616 2787.041016 -607.322327 -0.080379 0.977031 -0.197358
-11.256140 2781.802002 -629.772705 -0.052168 0.990528 -0.127018
-20.250830 2778.428955 -652.437683 -0.019994 0.998536 -0.050255
-29.354401 2777.101074 -675.299011 0.018114 0.999253 0.034143
-38.352482 2778.055908 -698.516113 0.059330 0.989696 0.130317
-46.820290 2781.690918 -722.232788 0.096690 0.964306 0.246504
-54.049431 2788.427002 -746.290588 0.119481 0.906522 0.404898
-59.362572 2800.322021 -770.741272 0.093846 0.827697 0.553273
-59.507149 2818.100098 -795.244019 0.005788 0.797225 0.603655
-50.873241 2838.086914 -818.458313 -0.019093 0.848347 0.529096
-33.190842 2854.847900 -839.344116 0.108814 0.938971 0.326334
-10.144800 2863.968994 -858.200012 0.218762 0.957656 -0.187186
12.621870 2864.525879 -876.872803 -0.020216 0.940686 -0.338677
30.486561 2859.666992 -896.846619 -0.049397 0.947992 -0.314439
42.270721 2853.724121 -918.158875 -0.047067 0.967181 -0.249690
49.708061 2848.650879 -940.366577 -0.037847 0.981687 -0.186704
54.384460 2844.764893 -962.956726 -0.029289 0.988390 -0.149090
57.386730 2841.620117 -985.727478 -0.033716 0.988318 -0.148629
59.262211 2838.404053 -1008.765015 -0.051607 0.982711 -0.177809
60.000191 2834.129883 -1032.203003 -0.004865 0.983791 -0.179253
