-4506.077 -2417.493 -22770.0 -0.15354447 0.9881418 0.0
-4467.175 -2411.448 -22770.0 -0.295555 0.9553258 0.0
-4429.622 -2399.83 -22770.0 -0.5504296 0.8348816 0.0
-4396.832 -2378.212 -22770.0 -0.7240525 0.6897387 0.002919146
-4369.703 -2349.733 -22770.11 -0.792346 0.60995543 0.01192055
-4345.686 -2318.527 -22770.47 -0.8374448 0.54602265 0.02335852
-4324.189 -2285.531 -22771.07 -0.86006 0.5090671 0.033874165
-4304.155 -2251.631 -22771.86 -0.8762425 0.47993508 0.04314367
-4285.273 -2217.074 -22772.79 -0.8860257 0.46088699 0.050414525
-4267.149 -2182.119 -22773.82 -0.8947602 0.44254074 0.059682496
-4249.756 -2146.796 -22774.98 -0.9028381 0.42388356 0.07215288
-4233.113 -2111.121 -22776.31 -0.9096896 0.40560204 0.08917266
-4217.213 -2075.118 -22777.87 -0.9149937 0.3882728 0.109685086
-4202.028 -2038.819 -22779.69 -0.9178355 0.3746117 0.13131659
-4187.421 -2002.298 -22781.78 -0.91645664 0.36900172 0.15474106
-4173.089 -1965.688 -22784.2 -0.9148926 0.36124024 0.18021387
-4159.128 -1928.958 -22786.95 -0.913018 0.3527989 0.20477064
-4145.569 -1892.103 -22789.99 -0.9140889 0.3360873 0.22690691
-4132.72 -1855.004 -22793.18 -0.91070986 0.3341288 0.24282798
-4120.004 -1817.88 -22796.57 -0.9071611 0.33436668 0.25545564
-4107.325 -1780.754 -22800.14 -0.9003669 0.34481397 0.26541036
-4094.299 -1743.785 -22803.98 -0.8958701 0.3516188 0.27162674
-4081.042 -1706.903 -22808.0 -0.8845577 0.37713102 0.27446276
-4066.86 -1670.437 -22812.4 -0.87651426 0.39521563 0.27482226
-4051.997 -1634.233 -22817.06 -0.85314965 0.44398975 0.27387738
-4035.363 -1598.976 -22822.4 -0.83003974 0.4900895 0.26616955
-4016.963 -1564.608 -22828.3 -0.76299095 0.5936083 0.25587872
-3994.867 -1533.013 -22835.71 -0.6131059 0.76301473 0.20471841
-3966.48 -1507.66 -22845.19 -0.26114506 0.96068007 0.09432435
-3931.094 -1496.786 -22857.97 -0.01950272 0.9998022 0.0039164047
-3892.608 -1496.005 -22865.7 0.043650437 0.99904686 1.9958949E-4
-3853.31 -1497.722 -22865.52 0.0066088764 0.9999775 0.0011510133
-3814.553 -1497.986 -22858.77 -0.010513132 0.99993837 -0.0035682372
-3777.281 -1497.549 -22846.12 -0.05137195 0.9983909 -0.024010073
-3741.681 -1495.317 -22829.48 -0.17009754 0.98188084 -0.083527684
-3707.022 -1487.865 -22812.46 -0.38571414 0.9074243 -0.16675048
-3674.313 -1471.363 -22798.32 -0.60701627 0.77394116 -0.1804061
-3645.141 -1446.462 -22789.65 -0.6994431 0.69695646 -0.15821223
-3618.391 -1418.243 -22783.6 -0.7540044 0.6430145 -0.13420004
-3593.448 -1388.068 -22779.16 -0.7729471 0.6232958 -0.118554704
-3569.19 -1357.278 -22775.44 -0.8084549 0.58161426 -0.09014228
-3546.418 -1325.231 -22772.9 -0.82711667 0.5594146 -0.054160062
-3524.435 -1292.589 -22771.46 -0.83809656 0.544734 -0.02930948
-3502.989 -1259.553 -22770.71 -0.8417997 0.5396316 -0.013074547
-3481.737 -1226.393 -22770.38 -0.84373754 0.5367132 -0.006781548
-3460.596 -1193.156 -22770.21 -0.84515613 0.5345008 -0.0044691847
-3439.543 -1159.866 -22770.1 -0.84540606 0.5341186 -0.002432936
-3418.504 -1126.565 -22770.04 -0.84623027 0.53281504 -0.0015750779
-3397.517 -1093.233 -22770.0 -0.84555036 0.53389573 0.0
-3376.487 -1059.927 -22770.0 -0.8504025 0.5261328 0.0
-3355.763 -1026.43 -22770.0 -0.8527017 0.52239805 0.0
-3335.186 -992.8427 -22770.0 -0.85255176 0.52264285 0.0
-3314.599 -959.2607 -22770.0 -0.85228086 0.5230845 0.0
-3293.995 -925.6898 -22770.0 -0.8522402 0.5231506 0.0
-3273.388 -892.1196 -22770.0 -0.8536985 0.52076757 0.0
-3252.876 -858.4942 -22770.0 -0.85689014 0.5154991 0.0
-3232.569 -824.739 -22770.0 -0.85411966 0.5200765 0.0
-3212.086 -791.0996 -22770.0 -0.83978254 0.542923 0.0
-3190.703 -758.0247 -22770.0 -0.7953577 0.6061403 0.0
-3166.828 -726.6967 -22770.0 -0.79406166 0.6078373 0.0
-3142.889 -695.4235 -22770.0 -0.74874526 0.6628578 0.0
-3116.794 -665.9474 -22770.0 -0.6469244 0.7625541 0.0
-3086.785 -640.4888 -22770.0 -0.5414234 0.84075004 0.0
-3053.676 -619.1674 -22770.0 -0.5185955 0.8550196 0.0
-3020.0 -598.7419 -22770.0 -0.5185955 0.8550196 0.0
