-2400.0 -700.0 -22730.0 0.071079426 0.9974706 2.7260077E-4
-2428.519 -697.9677 -22730.11 0.2799798 0.959994 -0.0047593312
-2456.669 -689.7555 -22729.63 0.22429024 0.97437644 -0.01686443
-2484.489 -683.3154 -22727.54 0.34475917 0.9372241 -0.052460987
-2510.84 -673.3977 -22723.53 0.48788297 0.86455846 -0.120452575
-2534.652 -659.1412 -22717.65 0.57860523 0.7943599 -0.18495531
-2556.3 -641.7618 -22710.73 0.6250057 0.7491358 -0.2194618
-2576.519 -622.8132 -22703.63 0.6503595 0.7244159 -0.22859131
-2596.04 -603.1227 -22696.77 0.66717315 0.71181846 -0.21953239
-2615.337 -583.0778 -22690.42 0.7055422 0.67684907 -0.2099659
-2633.884 -562.0322 -22684.9 0.7650077 0.61357427 -0.19567828
-2650.973 -539.3317 -22680.53 0.82465 0.54262185 -0.15973082
-2666.199 -515.3237 -22677.58 0.874188 0.47972807 -0.0752085
-2679.684 -490.5685 -22676.42 0.8712329 0.4808208 0.09881565
-2693.357 -465.475 -22677.97 0.78389347 0.5720777 0.24132593
-2709.465 -441.3108 -22682.93 0.6039503 0.76289916 0.23071393
-2729.727 -422.9296 -22690.67 0.28220487 0.9535214 0.105629236
-2754.92 -414.4289 -22700.1 0.036606524 0.99925077 0.012563847
-2782.571 -413.2966 -22709.59 -0.08724459 0.99585843 -0.025581643
-2810.061 -415.912 -22717.65 -0.16873488 0.9849508 -0.037422057
-2837.432 -420.8316 -22723.72 -0.21875851 0.9752978 -0.030642737
-2865.193 -427.1806 -22727.61 -0.2424518 0.9699994 -0.01784452
-2893.057 -434.1829 -22729.66 -0.23817138 0.9712033 -0.006198104
-2920.751 -440.979 -22730.38 -0.21537669 0.9765267 0.0029308316
-2948.739 -447.153 -22730.0 -0.21537669 0.9765267 0.0029308316
