-993.8983 -796.261 -17619.32 0.57094246 0.48472214 0.6626229
-996.4058 -789.3292 -17622.23 0.016706174 0.9995504 0.024898335
-1003.531 -788.9456 -17632.85 -0.105789974 0.989916 -0.09420589
-1011.179 -790.4111 -17639.66 -0.1525491 0.9835662 -0.09657243
-1019.867 -792.2986 -17645.16 -0.08471964 0.99253094 -0.08777792
-1026.97 -793.5557 -17652.52 -0.010312792 0.99980146 -0.017052671
-1032.31 -793.7614 -17661.35 0.03697968 0.99547887 0.08748916
-1036.233 -792.8 -17670.63 0.041349255 0.9864758 0.15860537
-1038.751 -791.1416 -17680.29 0.018537322 0.98566526 0.16769096
-1039.873 -789.3936 -17690.44 7.709971E-4 0.99271846 0.12045564
-1039.94 -788.1254 -17700.89 -0.0019133114 0.9994585 0.032849103
-1039.325 -787.7772 -17711.45 0.005214115 0.99876314 -0.049446985
-1038.207 -788.3079 -17722.05 0.015875636 0.99337435 -0.11382174
-1036.73 -789.5449 -17732.64 0.025528826 0.98663276 -0.16094773
-1035.093 -791.2708 -17742.96 0.029658448 0.9829176 -0.18164058
-1033.48 -793.1451 -17752.84 0.03961865 0.99206454 -0.11932486
-1031.541 -793.9249 -17758.68 0.17603894 0.96059144 -0.21511483
-1029.201 -794.9941 -17761.54 0.17603894 0.96059144 -0.21511483
