-821.9781 2354.082 -3116.767 0.03132607 0.99947476 -0.008295846
-826.0907 2354.22 -3115.678 -0.006597541 0.9999781 5.286557E-4
-828.8115 2354.202 -3115.46 -0.028152185 0.99960136 -0.0021498809
-833.1466 2354.079 -3115.791 -0.05613299 0.99807334 -0.026433814
-838.0391 2353.743 -3118.095 -0.05187529 0.9972502 -0.052925535
-843.2938 2353.185 -3123.456 -0.022859454 0.9990311 -0.037606165
-848.0236 2352.784 -3131.237 0.007781042 0.99971426 0.022602087
-851.1678 2353.015 -3140.37 0.010007446 0.99325687 0.11550143
-852.0007 2354.141 -3149.983 -0.012216404 0.98981756 0.14181688
-851.139 2355.585 -3159.986 -0.013822592 0.99581116 0.09038285
-849.5335 2356.56 -3170.484 6.799427E-4 0.9999877 -0.004911229
-848.0074 2356.505 -3181.507 0.0064653154 0.9979031 -0.064402066
-846.8727 2355.768 -3192.81 0.0031183292 0.9980186 -0.06284182
-846.3136 2355.057 -3204.077 -5.481543E-4 0.9988943 -0.04701018
-846.4402 2354.546 -3214.933 -0.0027346057 0.9990785 -0.042832844
-847.0673 2354.123 -3224.756 0.005266577 0.9985034 -0.05443505
-846.5063 2353.804 -3230.555 0.03971725 0.99743587 -0.05953289
-842.8409 2353.33 -3236.049 0.03971725 0.99743587 -0.05953289
