-2948.739 -447.153 -22750.0 -0.19510466 0.9807824 0.0
-2921.222 -441.6791 -22750.0 -0.18495674 0.98274666 0.0
-2893.713 -436.5018 -22750.0 -0.19884397 0.9800312 0.0
-2866.249 -430.9295 -22750.0 -0.23159648 0.97281194 0.0
-2838.977 -424.4369 -22750.0 -0.26810348 0.9633901 0.0
-2811.926 -416.9088 -22750.0 -0.22026366 0.9754404 0.0
-2784.404 -410.6941 -22750.0 -0.06415142 0.9979402 0.0
-2756.159 -408.8784 -22750.0 0.22419846 0.9745435 0.0
-2729.421 -415.0296 -22750.0 0.57365596 0.8190963 0.0
-2706.379 -431.1671 -22750.0 0.7348973 0.67817837 0.0
-2686.571 -452.6316 -22750.0 0.77207 0.63553745 0.0
-2668.776 -474.2497 -22750.0 0.7737695 0.63346726 0.0
-2651.404 -495.4691 -22750.0 0.7597012 0.65027225 0.0
-2633.183 -516.7563 -22750.0 0.75122964 0.660041 0.0
-2614.489 -538.0331 -22750.0 0.75394917 0.6569327 0.0
-2596.034 -559.2136 -22750.0 0.77038676 0.6375768 0.0
-2578.228 -580.7286 -22750.0 0.7926563 0.6096688 0.0
-2561.171 -602.9053 -22750.0 0.7917999 0.6107806 0.0
-2544.02 -625.1392 -22750.0 0.7579198 0.65234774 0.0
-2525.694 -646.4309 -22750.0 0.6723472 0.74023604 0.0
-2505.104 -665.1326 -22750.0 0.5239739 0.85173434 0.0
-2481.49 -679.6596 -22750.0 0.38716853 0.92200893 0.0
-2455.431 -690.6023 -22750.0 0.25784189 0.9661871 0.0
-2427.887 -697.9528 -22750.0 0.07321293 0.99731624 0.0
-2400.0 -700.0 -22750.0 0.07321293 0.99731624 0.0
