51.78081 2813.361 -1592.134 -0.004765551 0.9979842 -0.063283816
51.21633 2812.883 -1599.63 0.085513696 0.9813457 0.17218539
46.02401 2815.17 -1610.085 -0.10636606 0.9883437 -0.10891761
36.35877 2813.039 -1619.982 -0.29696932 0.9323764 -0.20611526
25.45486 2807.893 -1627.55 -0.0031258885 0.99997693 -0.006025151
20.28706 2807.817 -1637.511 -7.982573E-4 0.9999481 -0.010160425
19.42779 2807.705 -1648.448 0.02647259 0.9940364 -0.105787136
22.2668 2806.422 -1659.793 -0.0519703 0.9944184 0.09182182
28.57533 2807.781 -1670.939 -0.17311567 0.9596097 0.22176623
37.40736 2811.989 -1682.253 -0.045828223 0.99718183 0.059396982
45.40606 2812.974 -1692.62 -0.19168916 0.96609795 0.17294455
53.94057 2816.046 -1700.32 -0.18922058 0.96671635 0.17220637
62.67934 2819.173 -1708.273 -0.1471931 0.97534615 0.16442077
71.00134 2821.996 -1717.569 -0.10303933 0.98141235 0.16190377
78.04659 2824.562 -1728.639 -0.16411306 0.9257504 0.34066585
83.13617 2829.352 -1739.204 -0.10996705 0.9047896 0.4114158
86.0817 2834.721 -1750.224 -0.060473427 0.81774336 0.5723974
87.13598 2841.784 -1760.203 0.053500053 0.83739144 0.54397917
86.12248 2848.543 -1770.508 0.11758008 0.9063491 0.40584016
82.8782 2853.978 -1781.706 0.15050383 0.93185574 0.33014172
77.7975 2858.747 -1792.851 0.19482516 0.9300805 0.3114376
71.38605 2863.522 -1803.1 0.1985606 0.94831145 0.24754603
63.63758 2867.666 -1812.76 0.14554943 0.97811246 0.14869879
54.75973 2870.366 -1821.83 0.049852602 0.9977469 0.044898935
44.97997 2871.251 -1830.638 -0.025506467 0.9994363 -0.021829017
35.07368 2870.813 -1839.116 -0.13030383 0.9853359 -0.11015486
25.01414 2868.532 -1847.62 -0.13030383 0.9853359 -0.11015486
