-927.6135 2537.22 -3334.494 0.21750629 0.93498117 -0.28018093
-883.6149 2510.325 -3387.411 0.17994279 0.94775903 -0.2633882
-849.9191 2490.387 -3439.165 0.12884203 0.9603689 -0.24716677
-825.9852 2474.522 -3491.067 0.08812411 0.96382904 -0.251531
-810.8973 2459.579 -3543.848 0.05390699 0.96010995 -0.27437723
-803.6007 2443.244 -3598.583 0.019190008 0.95299536 -0.3023766
-803.2188 2424.491 -3656.509 -0.026209533 0.94567865 -0.3240446
-809.8748 2403.161 -3716.646 -0.106859624 0.9405171 -0.32250363
-825.6439 2380.705 -3774.647 -0.2303743 0.9360471 -0.26597658
-850.9396 2358.804 -3826.267 -0.34609973 0.92944777 -0.12783529
-887.2972 2338.67 -3867.078 -0.37465072 0.9239545 0.07710299
-935.9064 2320.786 -3892.849 -0.27858838 0.9202733 0.2747464
-998.3719 2305.36 -3899.712 -0.112307906 0.91343766 0.39117596
-1071.102 2293.46 -3886.526 0.04492676 0.90212923 0.42912054
-1145.174 2285.019 -3856.844 0.17998272 0.8883412 0.42244077
-1211.479 2279.021 -3813.561 0.31709608 0.8742997 0.3674916
-1260.843 2275.254 -3759.97 0.45281237 0.8619906 0.22788882
-1284.359 2273.064 -3699.941 0.52972996 0.8481663 3.8350103E-4
-1275.859 2271.681 -3637.163 0.511293 0.8310071 -0.219104
-1239.217 2269.429 -3575.736 0.44824922 0.81829625 -0.35981086
-1181.928 2264.41 -3521.771 0.3860287 0.8075441 -0.44593072
-1111.816 2254.625 -3481.522 0.3203385 0.7943821 -0.5160817
-1036.953 2238.253 -3461.232 0.22520155 0.7779493 -0.5865826
-965.2896 2213.683 -3466.471 0.09824685 0.77216387 -0.6277822
-901.2056 2180.268 -3499.737 0.029687492 0.8060115 -0.59115493
-841.2295 2141.947 -3553.608 0.11071837 0.87219226 -0.47646832
-782.9614 2100.783 -3618.778 0.27093655 0.90279275 -0.33400398
-726.0212 2058.599 -3686.36 0.3787514 0.8968126 -0.22863613
-668.5117 2018.223 -3747.018 0.41281945 0.89695233 -0.15829252
-607.1199 1981.963 -3790.354 0.40286043 0.9099977 -0.09801867
-541.2037 1950.778 -3814.522 0.36981702 0.9265408 -0.06897482
-471.8464 1923.271 -3824.832 0.33800527 0.9367109 -0.09124285
-400.5774 1898.141 -3826.53 0.3216638 0.93411624 -0.1547881
-329.2193 1874.129 -3825.111 0.31586385 0.91642 -0.24577299
-259.6964 1849.697 -3826.272 0.3034412 0.8853356 -0.35228446
-194.0065 1822.942 -3835.207 0.26714024 0.85002273 -0.45397946
-132.8334 1793.764 -3852.878 0.2077886 0.82216275 -0.52997386
-75.94887 1763.164 -3877.948 0.13897227 0.80640906 -0.57479656
-23.09705 1732.074 -3909.141 0.068917856 0.80029655 -0.5956305
25.95548 1701.371 -3945.242 -0.0013818786 0.8007378 -0.59901345
71.53857 1672.141 -3985.125 -0.071585886 0.8050789 -0.5888322
113.817 1645.27 -4028.05 -0.13917443 0.80943894 -0.57047266
152.4572 1620.356 -4073.887 -0.2026834 0.81145495 -0.54814255
186.9839 1596.756 -4122.609 -0.26264966 0.810931 -0.52288234
216.9035 1573.825 -4174.188 -0.3196153 0.80818397 -0.4946562
241.7083 1550.919 -4228.578 -0.37374014 0.80350703 -0.4633517
260.8791 1527.394 -4285.726 -0.42556834 0.7974547 -0.4277354
273.7969 1502.919 -4345.043 -0.4760377 0.79093534 -0.38445985
279.6764 1477.708 -4405.04 -0.5258593 0.78454405 -0.32857674
277.7149 1452.022 -4464.12 -0.57353246 0.7792207 -0.25273627
267.036 1426.227 -4520.667 -0.6122565 0.7761988 -0.15052378
246.7478 1400.718 -4572.965 -0.6314753 0.7750285 -0.023870409
216.4248 1375.521 -4619.142 -0.62247103 0.7740789 0.11546333
176.9071 1350.466 -4657.118 -0.5810277 0.772365 0.25663048
130.0836 1325.271 -4684.476 -0.5015539 0.7714141 0.39161712
77.88262 1299.614 -4699.019 -0.37701237 0.77451265 0.507929
21.94139 1273.278 -4698.737 -0.21260528 0.7828242 0.58479506
-36.76835 1246.413 -4681.754 -0.03952344 0.7921088 0.609099
-97.37886 1219.048 -4646.479 0.10295045 0.7969219 0.59524506
-155.6216 1190.894 -4595.683 0.21008521 0.7961367 0.56747735
-205.4445 1161.758 -4534.394 0.30740586 0.78968036 0.5309487
-240.9138 1131.474 -4467.882 0.42242834 0.778405 0.46437052
-256.1785 1099.891 -4401.573 0.5532121 0.7698592 0.31823456
-245.6287 1066.888 -4341.054 0.6310191 0.771444 0.08178603
-207.5392 1032.431 -4290.324 0.6067446 0.779302 -0.15668255
-148.3743 997.3292 -4251.068 0.52162313 0.7894659 -0.32350096
-76.16174 962.7212 -4225.218 0.4190773 0.79869884 -0.4318037
0.801536 929.8066 -4214.568 0.29878077 0.80615216 -0.5107335
74.12997 899.6896 -4220.67 0.13860102 0.8149923 -0.562652
135.4875 873.1738 -4245.063 -0.059356205 0.82736194 -0.5585241
180.4819 850.3666 -4286.517 -0.244111 0.8387573 -0.4867196
209.0813 829.9584 -4340.04 -0.3733673 0.84491104 -0.38304332
221.5761 810.1042 -4400.274 -0.4555338 0.84384197 -0.28358382
218.2955 788.9193 -4461.953 -0.51005435 0.8368852 -0.19866477
199.5891 764.5033 -4519.829 -0.5260444 0.8385042 -0.14208452
166.6171 735.8894 -4569.749 -0.47761804 0.8665786 -0.14464653
124.1898 705.7524 -4613.71 -0.36445302 0.91031367 -0.19622187
79.05631 678.4983 -4656.064 -0.2144696 0.9529243 -0.21433166
38.3559 658.8936 -4701.809 -0.06592027 0.9906937 -0.11908179
9.445621 651.5707 -4756.738 0.033704624 0.99835026 0.04648274
-0.075623 661.3098 -4826.747 0.048784003 0.9949677 0.087517895
