-816.7744 -703.7994 -18038.32 0.0757489 0.96388125 0.255333
-806.2759 -711.8824 -18016.08 0.008542661 0.9900075 0.14075528
-807.3415 -712.0458 -18005.0 -0.09900407 0.9839102 0.14872399
-814.494 -714.3519 -17997.81 -0.14346741 0.969084 0.20073205
-821.4996 -718.3557 -17990.12 -0.049160067 0.99870706 0.012942799
-823.9278 -717.5408 -17979.3 0.05542999 0.97062165 -0.23413932
-825.2203 -713.3521 -17966.97 0.07766326 0.9565307 -0.2811004
-829.3138 -709.0979 -17955.34 0.044881865 0.9911193 -0.12517226
-834.3064 -707.582 -17944.59 -0.02734804 0.9901862 0.1370524
-837.4708 -710.2814 -17934.44 -0.04555067 0.96494114 0.25848338
-838.6769 -713.8701 -17924.73 -0.015975188 0.99172807 0.127359
-838.3855 -714.2975 -17915.32 -0.010438064 0.9987829 -0.048206538
-836.8234 -713.6232 -17905.83 -0.021512691 0.9926857 -0.11879583
-834.4765 -711.8303 -17896.09 -0.015790457 0.9980861 -0.059790518
-833.1079 -711.3116 -17886.8 -0.007174809 0.9977805 0.06620135
-834.0148 -712.5995 -17878.52 -0.0058481894 0.9999542 0.0075740735
-835.3462 -712.9998 -17870.27 -0.0061780647 0.97632885 -0.21620314
-835.0895 -709.0352 -17860.99 0.0016117926 0.98846006 -0.15147312
-833.7457 -706.9963 -17850.61 0.043492366 0.96660566 0.25255102
-832.2084 -714.0228 -17837.36 0.058896538 0.9309223 0.36043692
