-782.3416 -791.9768 -18720.63 -0.13010149 0.98902744 0.06998841
-776.0061 -790.9022 -18724.04 -0.011892642 0.99985504 0.012181314
-772.345 -790.813 -18727.79 -0.0015250007 0.9999945 0.0029416422
-767.1395 -790.7755 -18737.83 -0.057097938 0.9886279 0.13912064
-761.7095 -788.6001 -18751.06 -0.042306285 0.9832411 0.17733307
-757.6827 -785.3826 -18767.94 -0.03454293 0.98350453 0.17755465
-754.5019 -782.3193 -18784.29 -0.016276052 0.9933465 0.114007466
-752.1605 -780.3986 -18800.69 -0.0027153918 0.9990278 0.044001393
-751.1478 -779.6731 -18817.1 -1.4128302E-4 0.99985373 -0.017104497
-751.2867 -779.9607 -18833.91 -0.0040665697 0.9978302 -0.06571333
-752.3282 -781.0733 -18850.74 -0.01489865 0.99386513 -0.10959088
-754.442 -782.8195 -18866.29 -0.01930067 0.9901344 -0.13878524
-756.389 -784.8198 -18880.29 -0.020347828 0.9930476 -0.115941316
-759.185 -786.7372 -18896.22 -0.031013072 0.98744094 -0.15491463
-762.3498 -789.3167 -18912.03 -0.03249018 0.98850805 -0.14763537
-765.7983 -791.7704 -18927.7 -0.020080505 0.9965825 -0.08012666
-769.7131 -793.1052 -18943.32 0.011603612 0.99905515 0.041882798
-773.924 -792.4191 -18958.52 0.052947786 0.9884245 0.14217441
-779.6557 -789.8983 -18973.91 0.08427016 0.97724915 0.1946344
-786.1375 -786.3577 -18988.88 0.06020361 0.9899188 0.12820338
-793.0264 -784.0389 -19003.55 -0.017096905 0.9991425 -0.037707914
-799.6318 -784.7017 -19018.12 -0.009630102 0.99963707 -0.025159096
-805.3008 -785.1291 -19032.93 -0.038728897 0.99035555 -0.1330264
-809.8515 -787.4066 -19048.56 0.011457039 0.9988171 0.047256265
-813.5024 -786.6523 -19063.62 0.058095198 0.9765644 0.20723656
-817.4944 -783.3929 -19077.86 0.059340537 0.95800656 0.28053916
-820.6189 -778.8737 -19092.63 0.0287811 0.9716949 0.23447955
-822.5754 -774.9694 -19108.57 9.914797E-4 0.9992568 0.038534686
-823.0089 -774.3192 -19125.42 0.060364615 0.9659508 -0.2515855
-819.3213 -778.5526 -19140.79 0.15245987 0.9160973 -0.37083924
-813.454 -785.3062 -19155.06 0.12475531 0.9700392 -0.20847096
-805.9619 -788.9603 -19167.58 0.12390349 0.98188794 -0.14333166
-795.7016 -791.9877 -19179.45 0.025185939 0.9992227 -0.030324707
-785.2355 -792.6339 -19192.05 0.0019656597 0.99999654 -0.0017320475
-772.8427 -792.6772 -19202.97 0.0049168775 0.99997866 -0.0043113898
-760.6743 -792.783 -19213.64 0.004827301 0.9999782 -0.00450011
-748.1664 -792.8959 -19225.3 -0.008832749 0.99986565 0.013803312
-738.5679 -792.604 -19240.3 -0.025438981 0.9953829 0.09255142
-733.5876 -790.792 -19258.42 -0.01056694 0.98165816 0.1903566
-732.5162 -787.0378 -19277.72 0.05975087 0.9889541 0.1356448
-739.6166 -784.3979 -19293.84 -0.0037044184 0.99998987 -0.0025676743
-751.1019 -784.4609 -19301.8 -0.028704602 0.9995392 -0.009873395
-759.4717 -784.7297 -19304.68 0.14922228 0.98359615 -0.10134786
-768.6884 -782.6864 -19298.42 0.14922228 0.98359615 -0.10134786
