181.632004 2756.878906 -1421.237061 0.032940 0.995545 -0.088343
183.671906 2756.325928 -1426.708008 0.000371 0.999998 0.001885
182.347305 2756.339111 -1433.442993 0.016822 0.999027 0.040770
179.090607 2756.716064 -1441.336060 0.018233 0.999010 0.040569
175.289398 2757.128906 -1449.793945 -0.030219 0.998717 -0.040626
170.159195 2756.693115 -1456.691040 -0.147537 0.986614 -0.069474
163.119507 2755.406982 -1460.005981 -0.002631 0.999996 -0.001084
155.663498 2755.384033 -1463.078003 0.129738 0.989356 0.065892
148.595001 2756.550049 -1466.667969 0.002857 0.999992 0.002701
143.632095 2756.576904 -1471.359985 0.006042 0.999958 0.006885
138.657196 2756.645996 -1477.029053 -0.028282 0.997005 -0.071977
135.654007 2756.009033 -1484.671997 -0.057254 0.994738 -0.084956
130.308502 2755.023926 -1492.604004 0.040009 0.995855 0.081680
126.469200 2755.821045 -1500.442017 0.012107 0.999797 0.016105
120.623398 2756.017090 -1508.218018 0.068383 0.993635 0.089516
115.628197 2756.949951 -1514.756958 -0.087167 0.988180 -0.126108
111.050301 2755.700928 -1521.380005 0.129915 0.990849 0.036615
105.249100 2756.521973 -1523.015015 0.129915 0.990849 0.036615
