103.1127 461.0555 -4824.026 0.02086913 0.9983513 -0.0534721
111.9957 460.5062 -4834.394 0.01596284 0.9968731 -0.07738933
114.9325 458.1494 -4847.715 -0.006805591 0.9997564 0.020995136
120.6556 460.9227 -4868.34 -0.01488354 0.99504507 0.098304875
123.8595 462.6267 -4887.464 -0.003157508 0.9979815 0.063426815
122.2447 464.3168 -4908.912 4.7999373E-4 0.99998647 -0.005176823
119.5743 463.6771 -4931.244 0.0077381846 0.9965726 -0.08235968
120.2907 461.4897 -4952.153 0.020127103 0.9947721 -0.10011687
125.4853 458.9023 -4971.093 0.015127966 0.99863327 -0.050026335
134.7617 458.5742 -4988.375 -0.009394047 0.99978644 0.018407017
145.124 458.5108 -5005.978 -0.047253553 0.9929301 0.10888971
154.0817 462.1127 -5025.319 -0.044119477 0.9847286 0.16841339
159.0999 465.1425 -5038.024 0.017980933 0.9922104 0.12326889
160.2256 466.4316 -5052.747 0.054644026 0.99714905 0.052036762
157.1241 466.8788 -5061.507 0.053333785 0.99774164 0.040831514
