-120.4736 2809.422 -1464.243 -0.17326972 0.97355133 -0.14891438
-125.8387 2807.762 -1468.854 -0.12335499 0.95114934 -0.2830169
-130.5089 2803.968 -1479.569 -0.014272118 0.9979857 -0.061813492
-133.5451 2803.11 -1492.719 -0.0025151556 0.99997514 -0.0065838834
-138.5144 2803.012 -1505.727 0.03634496 0.9978668 0.05422996
-145.9771 2803.889 -1516.862 0.19083653 0.9648599 0.18062918
-155.2204 2807.355 -1525.611 0.39573532 0.8826927 0.25347036
-165.1752 2813.649 -1531.987 0.42890596 0.8655746 0.25849628
-175.3528 2820.524 -1538.121 0.38612583 0.8840784 0.26327235
-185.4859 2827.007 -1545.03 0.4389975 0.84082824 0.31668445
-195.2088 2834.725 -1552.044 0.34322903 0.86662614 0.3621504
-203.6761 2841.812 -1560.978 0.18778211 0.8793457 0.43759453
-208.6149 2848.594 -1572.487 -0.084482595 0.93269753 0.3506251
-205.5551 2853.645 -1585.186 -0.11717575 0.9823106 0.14606765
-196.824 2856.305 -1596.07 0.016628036 0.99972534 -0.01651168
-186.8391 2855.975 -1605.985 0.016628036 0.99972534 -0.01651168
