-787.371582 -710.016113 -19305.910156 0.057930 0.903178 0.425338
-790.047913 -700.590393 -19325.560547 0.016310 0.995053 0.097998
-794.098816 -698.126892 -19349.900391 -0.032624 0.976173 -0.214525
-796.897095 -702.264099 -19368.300781 -0.025321 0.925627 -0.377590
-797.878113 -708.258484 -19382.929688 -0.000028 0.977980 -0.208699
-797.880127 -711.485291 -19398.050781 0.008456 0.999045 -0.042859
-794.824280 -712.175598 -19413.539063 -0.010560 0.999581 0.026966
-789.004517 -711.713196 -19428.400391 -0.015043 0.999571 0.025118
-780.596680 -711.233887 -19442.439453 0.015670 0.999602 -0.023459
-771.746094 -711.683594 -19455.689453 0.069264 0.993846 -0.086448
-761.577515 -713.496216 -19468.380859 0.115244 0.985524 -0.124347
-749.974426 -716.432678 -19480.900391 0.051897 0.994009 -0.096192
-742.879578 -718.075684 -19494.050781 0.027732 0.990879 0.131873
-745.998230 -716.014709 -19508.880859 0.147983 0.963806 0.221764
-757.975708 -710.045715 -19526.830078 0.147983 0.963806 0.221764
