-7987.375 -2721.66 -24539.59 -0.15595108 0.9674448 -0.19932365
-7982.86 -2718.551 -24531.51 -0.073661156 0.9972813 -0.002013984
-7979.807 -2719.849 -24517.09 -0.029153036 0.9869618 0.15829258
-7980.675 -2722.78 -24502.97 -0.03033499 0.9884419 0.14853437
-7983.771 -2726.382 -24481.88 -0.009287853 0.99867576 0.05060052
-7988.707 -2726.319 -24462.06 8.6200994E-4 0.9995202 -0.030962111
-7992.693 -2725.991 -24442.85 -0.0045843 0.99614406 -0.08761299
-7992.294 -2723.403 -24423.22 -0.014692461 0.9950289 -0.09849652
-7987.042 -2721.216 -24402.96 -0.008910972 0.9993646 -0.03450883
-7978.139 -2720.576 -24382.31 0.010918681 0.9990221 0.04284313
-7970.5 -2722.266 -24362.21 0.016136514 0.995854 0.08952336
-7968.14 -2723.97 -24342.96 0.0050701224 0.9978501 0.06534035
-7967.77 -2726.744 -24321.56 -0.007562806 0.9984837 -0.054526754
-7966.802 -2724.387 -24307.95 -0.0013374245 0.99640155 -0.08474741
-7972.375 -2723.838 -24295.49 0.0047865263 0.9983453 -0.05730284
