-1030.578003 -755.856628 -17777.640625 0.355038 0.829119 0.431868
-1036.693970 -749.362671 -17785.080078 0.007702 0.998485 -0.054483
-1034.862061 -750.083923 -17798.039063 0.031982 0.982199 -0.185099
-1032.384033 -752.867371 -17812.380859 -0.002420 0.999664 0.025804
-1031.281982 -752.561401 -17824.130859 -0.003128 0.976155 0.217052
-1031.135010 -750.293091 -17834.330078 0.000104 0.983223 0.182409
-1031.140991 -748.346924 -17844.820313 0.002316 0.995817 0.091343
-1031.415039 -747.354675 -17855.630859 -0.001126 0.999881 -0.015371
-1032.203979 -747.521118 -17866.400391 -0.015113 0.990463 -0.136947
-1033.365967 -748.994690 -17876.929688 -0.032872 0.969169 -0.244195
-1034.734985 -751.603577 -17887.099609 -0.038425 0.973981 -0.223350
-1036.444946 -753.950317 -17897.039063 -0.015078 0.997205 -0.073177
-1038.480957 -754.706177 -17906.919922 0.009724 0.997813 0.065375
-1039.946045 -754.046570 -17916.769531 -0.000994 0.987865 0.155310
-1039.883057 -752.499512 -17926.609375 -0.037577 0.980491 0.192939
-1037.978027 -750.501770 -17936.390625 -0.061080 0.984752 0.162886
-1034.329956 -748.666321 -17946.119141 -0.009907 0.999691 0.022787
-1030.056030 -748.399902 -17955.949219 0.062217 0.981756 -0.179678
-1026.568970 -750.463928 -17966.019531 0.019191 0.984774 -0.172777
-1025.456055 -752.243530 -17976.039063 0.031241 0.992214 0.120564
-1027.905029 -751.018005 -17985.490234 0.221864 0.921862 0.317720
-1033.350952 -747.019470 -17993.289063 0.395996 0.862479 0.315148
-1040.715942 -741.496216 -17999.150391 0.293142 0.916980 0.270583
-1048.635986 -736.807129 -18006.460938 0.054511 0.996309 0.066311
-1056.772949 -735.703125 -18016.359375 0.054511 0.996309 0.066311
