-1045.432983 -785.069397 -18906.880859 0.523709 0.786674 0.326915
-1050.604980 -780.284607 -18910.109375 -0.164077 0.943557 -0.287712
-1057.905029 -785.457275 -18922.910156 -0.098121 0.949613 -0.297669
-1063.248047 -791.090271 -18939.119141 -0.000934 0.999959 -0.008953
-1064.937012 -791.236816 -18955.310547 -0.008700 0.983837 0.178857
-1064.130981 -788.217285 -18971.880859 -0.031915 0.991353 0.127281
-1059.931030 -785.931519 -18988.630859 0.002476 0.999960 -0.008577
-1055.151001 -786.085388 -19005.189453 0.059391 0.984977 -0.162149
-1049.286987 -789.074524 -19021.199219 0.066476 0.982649 -0.173151
-1043.270996 -792.242676 -19036.869141 0.013831 0.999376 -0.032511
-1036.671997 -792.838623 -19052.380859 -0.068509 0.990091 0.122580
-1029.590942 -790.780029 -19065.050781 -0.100565 0.980258 0.170240
-1020.263977 -787.081116 -19080.839844 -0.064936 0.989551 0.128733
-1012.203003 -784.473206 -19096.820313 0.005039 0.999831 -0.017666
-1007.604980 -784.781189 -19112.939453 -0.001400 0.999839 0.017908
-1006.336975 -784.488892 -19129.160156 0.031630 0.964162 0.263422
-1008.119995 -780.373291 -19144.009766 0.040543 0.964839 0.259698
-1010.752014 -775.724792 -19160.869141 0.007008 0.998199 0.059574
-1012.892029 -774.624084 -19179.060547 -0.015818 0.984090 -0.176963
-1014.458008 -777.799683 -19196.580078 -0.037699 0.926306 -0.374881
-1016.047974 -784.263000 -19212.390625 0.082089 0.912392 -0.401001
-1014.219971 -788.352112 -19221.320313 0.113732 0.983440 -0.141106
-1008.304016 -790.089417 -19228.660156 0.113732 0.983440 -0.141106
