-7057.331055 -2433.531982 -23415.820313 0.249074 0.853256 0.458167
-7039.586914 -2452.424072 -23387.150391 0.104492 0.591247 0.799693
-7034.012207 -2463.100098 -23377.119141 -0.333586 0.609008 0.719604
-7034.750000 -2472.714111 -23368.279297 -0.356091 0.693146 0.626696
-7038.037109 -2481.583984 -23360.019531 -0.088841 0.761581 0.641951
-7039.959961 -2489.114990 -23351.410156 0.069811 0.850563 0.521219
-7040.046875 -2494.800049 -23341.990234 0.089487 0.952781 0.290174
-7038.756836 -2497.943115 -23331.720703 0.018671 0.997699 -0.065176
-7036.798828 -2497.025879 -23321.750000 -0.090929 0.876300 -0.473106
-7034.833984 -2491.177002 -23313.050781 -0.141967 0.749845 -0.646202
-7033.244141 -2482.948975 -23304.519531 -0.171012 0.797178 -0.579018
-7032.145996 -2475.202881 -23294.800781 0.100254 0.901739 -0.420494
-7030.674805 -2468.604980 -23283.619141 0.164791 0.927149 -0.336511
-7027.941895 -2463.599121 -23271.150391 0.332708 0.941554 -0.052746
-7023.978027 -2461.926025 -23258.220703 0.517198 0.776719 0.359463
-7019.221191 -2465.056885 -23245.890625 0.462409 0.566460 0.682130
-7014.833008 -2472.062012 -23235.269531 0.123440 0.439794 0.889575
-7011.740234 -2481.387939 -23227.039063 0.129279 0.568860 0.812210
-7009.283203 -2491.395996 -23219.789063 0.228915 0.655104 0.720026
-7006.675781 -2500.753906 -23212.029297 0.221426 0.703960 0.674842
-7003.941895 -2509.447021 -23203.789063 0.209951 0.732944 0.647081
-7001.209961 -2517.674072 -23195.390625 0.207877 0.776848 0.594385
-6998.252930 -2525.173096 -23186.679688 0.203732 0.841235 0.500817
-6994.770996 -2531.518066 -23177.460938 0.183350 0.915184 0.358916
-6990.541992 -2536.085938 -23167.910156 0.119643 0.978872 0.165818
-6985.462891 -2538.239990 -23158.289063 -0.006281 0.998263 -0.058576
-6979.838867 -2537.478027 -23148.919922 -0.162539 0.945561 -0.281951
-6974.089844 -2533.562012 -23140.099609 -0.288149 0.847663 -0.445462
-6968.719238 -2527.169922 -23131.900391 -0.351694 0.755740 -0.552421
-6964.049805 -2519.202881 -23124.279297 -0.361221 0.712725 -0.601285
-6959.630859 -2510.520020 -23116.820313 -0.330363 0.724826 -0.604556
-6954.915039 -2501.857910 -23109.089844 -0.303047 0.754290 -0.582416
-6949.671875 -2493.499023 -23101.080078 -0.302685 0.782860 -0.543610
-6943.788086 -2485.502930 -23092.869141 -0.343822 0.793252 -0.502530
-6937.271973 -2477.506104 -23084.699219 -0.369355 0.797307 -0.477366
-6930.162109 -2469.312988 -23076.720703 -0.296438 0.847890 -0.439553
-6922.481934 -2461.843994 -23068.539063 -0.177936 0.970146 -0.164786
-6914.271973 -2456.097900 -23059.759766 -0.015291 0.995939 -0.088727
-6905.634766 -2452.275879 -23050.570313 0.117519 0.987864 -0.101562
-6896.695801 -2450.367920 -23041.289063 0.202549 0.977763 -0.054351
-6887.588867 -2450.322021 -23032.160156 0.240045 0.970752 -0.004360
-6878.393066 -2451.879883 -23023.390625 0.171549 0.983520 0.057086
-6868.974121 -2453.990967 -23014.960938 0.129752 0.988970 0.071432
-6859.174805 -2455.797119 -23006.810547 0.178417 0.982109 0.060243
-6848.951172 -2458.008057 -22998.980469 0.332929 0.941293 0.055911
-6838.448242 -2461.620117 -22991.560547 0.544451 0.817773 0.186603
-6828.461914 -2467.199951 -22984.720703 0.599035 0.646272 0.472746
-6819.655762 -2474.854980 -22978.619141 0.616124 0.679366 0.398564
-6811.527832 -2483.273926 -22973.000000 0.529535 0.777211 0.339907
-6803.384766 -2491.070068 -22967.599609 0.488993 0.822706 0.289898
-6794.890137 -2497.974121 -22962.320313 0.435730 0.869716 0.231804
-6785.828125 -2503.906006 -22957.150391 0.344977 0.923527 0.167598
-6776.143066 -2508.429932 -22952.029297 0.227446 0.968540 0.100987
-6765.890137 -2511.249023 -22946.929688 0.143023 0.987977 0.058705
-6755.413086 -2512.979004 -22941.949219 0.095182 0.994782 0.036736
-6745.043945 -2514.185059 -22937.169922 0.009984 0.999921 -0.007692
-6734.774902 -2514.288086 -22932.720703 -0.129649 0.989225 -0.068006
-6724.541992 -2512.600098 -22928.699219 -0.275280 0.954597 -0.113864
-6714.408203 -2509.139893 -22925.060547 -0.393007 0.908432 -0.142469
-6704.423828 -2504.180908 -22921.730469 -0.460767 0.874143 -0.153520
-6694.483887 -2498.303955 -22918.570313 -0.486043 0.860194 -0.154364
-6684.442871 -2492.048096 -22915.449219 -0.498016 0.853342 -0.154231
-6674.167969 -2485.479004 -22912.339844 -0.502232 0.851004 -0.153476
-6663.555176 -2478.629883 -22909.279297 -0.482404 0.860893 -0.161706
-6652.588867 -2471.892090 -22906.359375 -0.441023 0.881236 -0.170064
-6641.301758 -2465.666992 -22903.669922 -0.401178 0.902265 -0.158033
-6629.798828 -2460.042969 -22901.150391 -0.370560 0.918734 -0.136432
-6618.176758 -2454.965088 -22898.759766 -0.366151 0.925232 -0.099398
-6606.452148 -2450.104980 -22896.640625 -0.364027 0.927762 -0.082103
-6594.612793 -2445.240967 -22894.880859 -0.316396 0.944877 -0.084266
-6582.637207 -2440.825928 -22893.130859 -0.248600 0.966511 0.063681
-6570.458984 -2437.428955 -22891.019531 -0.036467 0.997330 0.063269
-6557.891113 -2435.409912 -22888.789063 0.080551 0.984722 -0.154381
-6544.813965 -2435.082031 -22886.769531 0.234479 0.955509 -0.178950
-6531.520996 -2436.783936 -22885.109375 0.430070 0.885836 -0.174168
-6518.493164 -2440.818115 -22883.869141 0.698817 0.715206 -0.011577
-6506.584961 -2447.306885 -22882.810547 0.767155 0.592570 0.245631
-6496.400879 -2456.009033 -22881.710938 0.703624 0.678485 0.211120
-6487.183105 -2465.392090 -22880.490234 0.659380 0.744682 0.103277
-6477.919922 -2473.833984 -22879.179688 0.559348 0.827004 0.056516
-6467.936035 -2480.643066 -22878.019531 0.423024 0.905958 0.017067
-6456.873047 -2485.634033 -22877.199219 0.341857 0.939641 0.014467
-6445.319824 -2489.718994 -22876.519531 0.333085 0.942481 0.028000
-6433.916992 -2493.787109 -22875.759766 0.309962 0.950462 0.023333
-6422.583984 -2497.550049 -22874.960938 0.247669 0.968758 0.012980
-6411.116211 -2500.499023 -22874.230469 0.165436 0.986204 0.005737
-6399.527832 -2502.436035 -22873.580078 0.071926 0.997410 -0.000585
-6387.894043 -2503.252930 -22873.029297 -0.026744 0.999635 -0.003708
-6376.270996 -2502.910889 -22872.539063 -0.123601 0.992309 -0.006784
-6364.708008 -2501.425049 -22872.099609 -0.205930 0.978523 -0.009250
-6353.190918 -2498.957031 -22871.720703 -0.269654 0.962902 -0.010294
-6341.724121 -2495.710938 -22871.429688 -0.317431 0.948242 -0.008667
-6330.422852 -2491.909912 -22871.179688 -0.360095 0.932882 -0.007940
-6319.394043 -2487.667969 -22870.910156 -0.419801 0.907559 -0.010212
-6308.582031 -2482.664063 -22870.589844 -0.484822 0.874489 -0.014728
-6297.873047 -2476.647949 -22870.189453 -0.513907 0.857632 -0.019159
-6287.084961 -2470.122070 -22869.789063 -0.517164 0.855615 -0.021536
-6276.102051 -2463.523926 -22869.439453 -0.550528 0.834625 -0.017872
-6265.122070 -2456.305908 -22869.099609 -0.596145 0.802571 -0.022169
-6254.179199 -2448.014893 -22868.720703 -0.562714 0.824222 -0.063332
-6242.318848 -2439.572998 -22868.500000 -0.342113 0.923732 -0.172270
-6228.719238 -2432.540039 -22868.599609 0.217635 0.971073 -0.098246
-6214.061035 -2429.656006 -22868.859375 0.706402 0.707766 -0.007965
-6199.424805 -2432.937988 -22869.109375 0.776829 0.623329 0.089426
-6186.014160 -2440.310059 -22869.210938 0.712520 0.674332 0.193886
-6174.703125 -2449.147949 -22869.060547 0.720418 0.668958 0.183012
-6164.942871 -2458.722900 -22868.679688 0.731025 0.670587 0.126158
-6155.875000 -2468.645996 -22868.099609 0.709923 0.700863 0.069286
-6146.829102 -2477.990967 -22867.359375 0.634732 0.770568 0.057795
-6137.296875 -2485.891113 -22866.519531 0.533997 0.844524 0.040340
-6127.228027 -2492.262939 -22865.699219 0.402719 0.915212 0.014308
-6116.616211 -2496.975098 -22865.070313 0.178460 0.983820 -0.015831
-6105.181152 -2498.914063 -22864.910156 -0.094769 0.995336 -0.018052
-6092.793945 -2497.331055 -22865.349609 -0.246719 0.969057 0.007621
-6080.200195 -2493.891113 -22865.820313 -0.276610 0.960799 0.018788
-6068.130859 -2490.395996 -22865.839844 -0.297816 0.954620 -0.002595
-6056.442871 -2486.771973 -22866.089844 -0.335511 0.942031 -0.003153
-6044.857910 -2482.621094 -22867.089844 -0.363281 0.930892 0.038295
-6033.395996 -2478.102051 -22867.539063 -0.379763 0.923624 0.051943
-6021.953125 -2473.378906 -22866.279297 -0.389735 0.920281 -0.034483
-6009.722168 -2468.077881 -22864.509766 -0.337783 0.940994 -0.020813
-5996.077148 -2462.492920 -22863.730469 0.173904 0.735789 0.654502
-5981.722168 -2464.930908 -22857.609375 0.208683 0.977309 0.036301
-5973.512207 -2466.576904 -22854.960938 0.181139 0.981884 0.055613
