-2400.005 -699.9736 -22770.01 0.09992709 0.99499476 0.0
-2428.524 -697.7996 -22769.9 0.18115672 0.98344857 0.003355628
-2456.67 -691.5674 -22770.38 0.27102995 0.96246487 0.014284929
-2484.488 -683.2886 -22772.47 0.35073242 0.9355768 0.041023094
-2510.836 -673.371 -22776.48 0.4639756 0.8811858 0.090764664
-2534.643 -659.1154 -22782.36 0.5649183 0.8111601 0.15128332
-2556.287 -641.7371 -22789.28 0.61889476 0.7600333 0.1982893
-2576.505 -622.7893 -22796.37 0.6454183 0.73102564 0.22144246
-2596.025 -603.0993 -22803.23 0.6674202 0.7099381 0.22480702
-2615.322 -583.0547 -22809.59 0.70266557 0.67685395 0.2193851
-2633.867 -562.0097 -22815.1 0.7530224 0.6236717 0.20974007
-2650.955 -539.3105 -22819.47 0.8129533 0.55727243 0.16898039
-2666.179 -515.3041 -22822.42 0.8634882 0.5017953 0.050887782
-2679.666 -490.5502 -22823.59 0.8615979 0.49310204 -0.12041395
-2693.343 -465.4547 -22822.04 0.7864625 0.5733888 -0.22956908
-2709.457 -441.2867 -22817.08 0.62327737 0.7495769 -0.22284487
-2729.729 -422.9028 -22809.33 0.35954404 0.9238776 -0.1310661
-2754.928 -414.4027 -22799.91 0.10072329 0.9942958 -0.035082594
-2782.582 -413.2713 -22790.41 -0.06055088 0.9980787 0.013134534
-2810.073 -415.8875 -22782.35 -0.15274365 0.987896 0.027033532
-2837.445 -420.8077 -22776.29 -0.20986618 0.97743165 0.024158206
-2865.206 -427.157 -22772.4 -0.23616472 0.971608 0.014284929
-2893.07 -434.1593 -22770.35 -0.23609345 0.97172123 0.0042184982
-2920.763 -440.955 -22769.62 -0.2230314 0.97481006 -0.0015338097
-2948.751 -447.1291 -22770.01 -0.21929109 0.975657 -0.0022047183
