-4506.077 -2417.493 -22730.0 -0.15334406 0.98817295 0.0
-4467.368 -2411.486 -22730.0 -0.29382443 0.95585936 0.0
-4429.979 -2399.993 -22730.0 -0.54704803 0.8371012 0.0
-4397.263 -2378.613 -22730.0 -0.7179499 0.6960898 0.0026249513
-4370.019 -2350.513 -22730.1 -0.7842126 0.6203827 0.011657406
-4345.712 -2319.78 -22730.46 -0.8303564 0.55676484 0.022828436
-4323.902 -2287.228 -22731.06 -0.85433125 0.51866794 0.033189878
-4303.591 -2253.722 -22731.85 -0.8714781 0.48864052 0.041909963
-4284.462 -2219.527 -22732.77 -0.88216233 0.46827078 0.050120458
-4266.139 -2184.898 -22733.81 -0.889796 0.4526174 0.058315095
-4248.437 -2149.948 -22734.97 -0.8958203 0.43878552 0.07052056
-4231.293 -2114.73 -22736.32 -0.9017099 0.42366135 0.08619932
-4214.764 -2079.229 -22737.9 -0.9062736 0.4090874 0.10637522
-4198.84 -2043.465 -22739.77 -0.9093248 0.39618143 0.12715648
-4183.462 -2007.479 -22741.92 -0.90784204 0.39188263 0.149167
-4168.306 -1971.421 -22744.41 -0.9053649 0.38720897 0.17430946
-4153.404 -1935.285 -22747.28 -0.9047312 0.3767035 0.19888648
-4138.984 -1898.979 -22750.45 -0.90720785 0.35796615 0.22098486
-4125.353 -1862.384 -22753.77 -0.9068546 0.34677052 0.23950964
-4112.212 -1825.621 -22757.24 -0.9032716 0.3481091 0.2508398
-4099.067 -1788.882 -22760.89 -0.89958876 0.34798238 0.26390982
-4085.978 -1752.133 -22764.73 -0.89327884 0.36151913 0.2671272
-4072.406 -1715.599 -22768.79 -0.88728786 0.3685051 0.27735206
-4058.616 -1679.151 -22773.1 -0.8754372 0.4014509 0.26915964
-4043.586 -1643.277 -22777.72 -0.8605275 0.42508456 0.2807051
-4027.737 -1607.779 -22782.89 -0.8330996 0.48800448 0.2603778
-4009.502 -1573.608 -22788.59 -0.7858833 0.55651927 0.26958063
-3988.862 -1541.032 -22795.67 -0.66788167 0.7128272 0.21403602
-3962.43 -1513.723 -22804.14 -0.36470905 0.92126733 0.13510673
-3928.661 -1498.52 -22816.65 -0.06600018 0.99769443 0.01579976
-3890.902 -1495.879 -22825.69 0.05237653 0.9986272 7.6401926E-4
-3851.805 -1497.93 -22825.12 -0.0022281862 0.99999744 -4.7845027E-4
-3813.575 -1497.841 -22816.91 -0.021260956 0.9997374 -0.008553917
-3777.234 -1496.943 -22802.29 -0.1003479 0.99373037 -0.04929853
-3742.308 -1492.565 -22785.13 -0.2479282 0.96163076 -0.11746414
-3708.323 -1481.836 -22769.03 -0.43568543 0.8845663 -0.16649535
-3675.981 -1463.58 -22756.67 -0.60914475 0.7764263 -0.16157024
-3646.615 -1438.92 -22748.88 -0.69552755 0.7027502 -0.14961109
-3619.693 -1411.042 -22743.09 -0.74385124 0.65639997 -0.12579516
-3594.331 -1381.479 -22738.8 -0.76578754 0.63292116 -0.113930896
-3569.795 -1351.135 -22735.15 -0.7878808 0.61064076 -0.07976004
-3545.987 -1320.102 -22732.74 -0.8135079 0.57943857 -0.04955627
-3523.319 -1288.159 -22731.36 -0.8274324 0.56096494 -0.02596126
-3501.345 -1255.715 -22730.67 -0.8369777 0.54710263 -0.0121226525
-3479.904 -1222.907 -22730.36 -0.84214056 0.5392204 -0.0063821375
-3458.771 -1189.9 -22730.2 -0.8443229 0.53581655 -0.004397515
-3437.771 -1156.808 -22730.09 -0.84456617 0.53544563 -0.0024366549
-3416.785 -1123.706 -22730.03 -0.8455214 0.53394014 -0.0011836925
-3395.858 -1090.567 -22730.0 -0.84537774 0.534169 0.0
-3374.922 -1057.434 -22730.0 -0.8508392 0.5254262 0.0
-3354.329 -1024.087 -22730.0 -0.85265166 0.52247965 0.0
-3333.851 -990.6683 -22730.0 -0.8525679 0.5226164 0.0
-3313.368 -957.2532 -22730.0 -0.8522695 0.52310306 0.0
-3292.866 -923.8502 -22730.0 -0.8522344 0.52316016 0.0
-3272.361 -890.4475 -22730.0 -0.8538988 0.520439 0.0
-3251.964 -856.9816 -22730.0 -0.8568508 0.51556456 0.0
-3231.756 -823.3966 -22730.0 -0.85404783 0.5201945 0.0
-3211.37 -789.9272 -22730.0 -0.83856606 0.54479986 0.0
-3190.021 -757.0662 -22730.0 -0.7946257 0.60709965 0.0
-3166.226 -725.9213 -22730.0 -0.7940058 0.6079102 0.0
-3142.404 -694.8068 -22730.0 -0.74727756 0.664512 0.0
-3116.374 -665.5347 -22730.0 -0.6454943 0.76376504 0.0
-3086.467 -640.2589 -22730.0 -0.5408269 0.84113395 0.0
-3053.507 -619.0665 -22730.0 -0.518625 0.8550018 0.0
-3020.0 -598.7419 -22730.0 -0.518625 0.8550018 0.0
