-198.8536 558.1473 -5154.478 0.15220709 0.987567 0.039298743
-202.9379 558.9963 -5157.268 0.0842633 0.9952346 0.049068425
-206.5382 559.0569 -5160.699 0.07267455 0.9839262 0.16311865
-210.3444 561.0306 -5166.662 0.04600908 0.9706853 0.23590933
-209.108 565.2876 -5182.033 -7.6019135E-4 0.9911201 0.13296752
-206.6022 567.6339 -5197.918 0.021414425 0.9969752 -0.074712515
-202.4823 564.754 -5213.524 0.04036896 0.98322815 -0.1778558
-197.6876 560.317 -5232.192 0.022030842 0.99452806 -0.102120705
-193.8267 558.6068 -5256.438 0.009394334 0.9999052 0.010066732
-194.0487 559.3826 -5279.954 0.024853919 0.9967868 0.07614705
-200.3806 561.2975 -5297.036 0.038011428 0.99566895 0.084843375
-209.4512 563.1073 -5311.692 0.01858479 0.9990771 0.038723916
-217.3632 563.7568 -5327.483 -0.0384175 0.99876696 -0.031442054
-225.2589 562.8469 -5339.586 -0.057144195 0.9972788 -0.04657854
-234.8741 560.832 -5344.917 0.070741296 0.9940729 0.08255043
-244.4263 563.1595 -5349.274 0.15428565 0.9606282 0.2310616
-249.0956 567.3976 -5359.616 0.07700668 0.9810901 0.17757307
-250.0578 570.3815 -5373.481 0.02557408 0.99881506 -0.04140654
-249.2065 567.6035 -5388.684 -0.005924365 0.99664026 -0.0816896
-244.9044 565.5708 -5402.4 -0.11909617 0.98660636 0.11146258
-235.6331 570.2239 -5411.752 -0.12299867 0.9840275 0.12869023
-227.1065 572.9764 -5420.244 0.10510034 0.9883449 -0.11012803
-218.6177 569.7134 -5428.117 0.30080688 0.9161394 -0.2649601
-211.9225 563.3615 -5436.107 0.26281536 0.9447412 -0.19593899
-204.2899 560.5947 -5440.509 0.085015476 0.9939022 -0.07021968
-196.625 560.6057 -5444.014 0.048620198 0.9974709 -0.051844534
-189.3014 560.3019 -5448.967 0.21632068 0.97334087 -0.07624213
-185.9859 558.91 -5450.965 0.31321606 0.94932115 -0.02617186
-182.0687 557.6205 -5454.217 0.27540895 0.9603505 0.043322057
-177.8278 556.5384 -5454.451 0.26054344 0.9640845 0.051558018
