217.2641 577.5916 -5593.068 0.120105855 0.9893865 0.08178603
230.1858 575.7028 -5586.807 0.11157041 0.9811448 0.15781921
240.166 572.8269 -5579.298 0.03409277 0.9738498 0.22462027
238.6351 568.8264 -5565.866 -0.06127772 0.9774958 0.20185901
223.7478 565.6733 -5551.157 -0.08783741 0.9740855 0.2084274
214.2629 560.2764 -5534.681 -0.042268272 0.9769236 0.20936497
214.2866 555.7127 -5516.956 -0.0103307655 0.9976695 0.06744496
222.9401 555.4929 -5498.561 -0.038269725 0.9949252 -0.093055196
233.8553 558.6948 -5479.38 -0.045317113 0.9881517 -0.14663732
240.1966 562.8742 -5459.375 -0.028042993 0.9980121 -0.05644021
238.8452 563.9322 -5439.549 -0.051978648 0.99203926 0.11470142
229.4958 559.3676 -5420.728 -0.067275286 0.98538506 0.15649365
219.3168 554.7258 -5401.969 -0.016489435 0.99984217 0.0066153444
214.7871 555.6692 -5382.229 0.031519033 0.9868738 -0.15838762
212.2366 560.2813 -5361.913 0.038320452 0.98157656 -0.1871873
207.16 564.8681 -5341.626 0.019697899 0.9972351 -0.07165229
201.892 566.2054 -5321.238 0.0028586693 0.99393433 0.10993801
199.9286 562.4915 -5300.62 0.016524218 0.9791977 0.20223454
202.5793 557.1451 -5280.412 0.023955364 0.9913088 0.12935573
209.4687 554.9022 -5261.091 7.661099E-4 0.9993875 -0.03498681
215.6554 555.8477 -5241.708 -0.009387413 0.9790978 -0.20317334
216.616 561.8428 -5221.422 0.011646911 0.964138 -0.26514587
214.1148 567.7099 -5201.196 0.008009833 0.9946612 -0.102882944
205.9366 571.1152 -5186.305 -0.041426472 0.9747795 0.21929163
200.6941 566.2997 -5176.936 -0.055993225 0.9516297 0.3021019
