29.999901 3895.680908 120.830536
29.999901 3878.483887 105.875931
29.999901 3860.597900 90.828926
29.999901 3843.085938 76.270927
29.999901 3826.988037 62.553322
29.999901 3812.784912 48.664322
29.999901 3800.436035 32.687019
29.999901 3788.896973 14.629517
29.999901 3777.155029 -4.628784
29.999901 3764.534912 -23.860886
29.999901 3750.172119 -41.671688
29.999901 3734.452881 -58.550995
29.999901 3717.600098 -74.979599
29.999901 3698.990967 -89.284798
29.999901 3678.648926 -99.869499
29.999901 3657.211914 -106.972702
29.999901 3635.509033 -112.200203
29.999901 3613.648926 -116.157310
29.999901 3591.622070 -119.291412
29.999901 3569.508057 -121.969124
29.999901 3547.384033 -123.983414
29.999901 3524.798096 -124.863792
29.999901 3501.606934 -125.442131
29.999901 3478.345947 -125.931206
29.999901 3455.580078 -128.070206
29.999901 3433.933105 -132.947250
29.999901 3414.053955 -141.819244
29.999901 3395.726074 -155.718948
29.999901 3378.283936 -171.368958
29.999901 3360.954102 -186.681244
29.999901 3342.830078 -199.620255
29.999901 3323.877930 -210.415359
29.999901 3304.799072 -220.777069
29.999901 3285.642090 -230.938660
29.999901 3266.427002 -241.059860
29.999901 3247.205078 -251.262573
29.999901 3228.044922 -261.659180
29.999901 3209.033936 -272.359772
29.999901 3190.272949 -283.503571
29.999901 3171.694092 -294.962891
29.999901 3153.147949 -306.489777
29.999901 3134.629883 -318.058289
29.999901 3116.158936 -329.683868
29.999901 3097.757080 -341.397095
33.333302 3079.439941 -353.228699
36.666599 3061.233887 -365.209900
39.999901 3043.175049 -377.380524
43.333302 3025.298096 -389.784210
47.042500 3004.708008 -398.455109
50.169498 2983.913086 -407.208710
52.657101 2962.904053 -416.275116
54.396099 2941.625977 -425.905518
55.223701 2920.027100 -436.413422
52.213902 2899.593018 -449.410339
48.303600 2879.662109 -464.046631
43.340698 2860.498047 -480.500153
37.158199 2842.474121 -498.982056
30.073799 2826.520020 -519.310791
22.570299 2813.127930 -540.734924
14.695300 2802.080078 -562.712158
6.470000 2793.141113 -584.821045
-2.089200 2786.054932 -607.050781
-10.890800 2780.742920 -629.562988
-19.865900 2777.288086 -652.297180
-28.955500 2775.864014 -675.231201
-37.961498 2776.712891 -698.536072
-46.475201 2780.242920 -722.341858
-53.801102 2786.899902 -746.529846
-59.287300 2798.792236 -771.158569
-59.680302 2816.641357 -795.793640
-51.299400 2836.765137 -819.065430
-33.785400 2853.691162 -839.899536
-10.777100 2862.932129 -858.445007
12.066700 2863.687256 -876.705688
30.064100 2858.979248 -896.534729
41.979301 2853.057129 -917.855835
49.523602 2847.948242 -940.118225
54.279598 2843.998291 -962.761230
57.337601 2840.781250 -985.562500
59.247799 2837.493164 -1008.594482
59.999901 2833.159180 -1031.987549
