-6431.376 -4515.0 -10076.0 -0.029 0.395 -0.918
-6431.409 -4586.242 -10105.54 -0.040 0.434 -0.900
-6431.442 -4634.172 -10129.73 -0.048 0.473 -0.880
-6431.477 -4681.71 -10155.58 -0.047 0.496 -0.867
-6431.512 -4728.636 -10182.46 -0.046 0.521 -0.852
-6431.549 -4774.674 -10210.75 -0.045 0.555 -0.831
-6431.589 -4819.464 -10240.9 -0.043 0.597 -0.801
-6431.632 -4862.523 -10273.36 -0.041 0.651 -0.758
-6431.679 -4903.109 -10308.73 -0.038 0.716 -0.697
-6431.73 -4940.147 -10347.67 -0.033 0.785 -0.618
-6431.786 -4972.672 -10390.35 -0.028 0.849 -0.527
-6431.847 -5000.024 -10436.53 -0.023 0.901 -0.434
-6431.912 -5022.446 -10485.37 -0.019 0.937 -0.349
-6431.979 -5040.439 -10536.08 -0.015 0.963 -0.271
-6432.047 -5054.241 -10588.15 -0.011 0.979 -0.204
-6432.117 -5064.559 -10641.09 -0.008 0.989 -0.148
-6432.187 -5072.247 -10694.53 -0.004 0.997 -0.081
-6432.258 -5084.638 -10837.83 -0.001 0.999 0.036
-6432.329 -5083.756 -10855.25 0.004 0.984 0.179
-6432.403 -5072.356 -10901.0 0.004 0.984 0.179
