102.5764 200.0 -19.0 0.028 0.396 -0.918
102.6094 128.7585 -48.57983 0.040 0.434 -0.900
102.6426 80.82813 -72.76892 0.047 0.473 -0.880
102.6767 33.28967 -98.62415 0.046 0.496 -0.867
102.7121 -13.63623 -125.5037 0.045 0.521 -0.852
102.7494 -59.67389 -153.7981 0.044 0.555 -0.831
102.7891 -104.4639 -183.9403 0.042 0.598 -0.800
102.8319 -147.5236 -216.4015 0.040 0.652 -0.757
102.8786 -188.1087 -251.7756 0.037 0.716 -0.697
102.9299 -225.1475 -290.7132 0.032 0.786 -0.618
102.9862 -257.6718 -333.397 0.027 0.850 -0.526
103.047 -285.0242 -379.5747 0.022 0.901 -0.433
103.1114 -307.4465 -428.4142 0.017 0.937 -0.348
103.1783 -325.4391 -479.123 0.013 0.963 -0.270
103.2469 -339.2411 -531.1888 0.009 0.979 -0.203
103.3167 -349.5583 -584.1306 0.006 0.989 -0.148
103.3871 -357.247 -637.5711 0.003 0.997 -0.080
102.458 -369.6382 -780.8709 -0.001 0.999 0.040
101.5291 -368.7565 -798.2947 -0.005 0.984 0.179
98.10307 -357.3562 -844.0 -0.005 0.984 0.179
