-27.5 -1170.0 -3149.0 0.000 0.999 -0.039
-29.00001 -1168.717 -3029.421 0.000 0.988 -0.153
-30.50001 -1164.889 -3010.177 0.000 0.954 -0.298
-32.00002 -1158.582 -2991.597 0.000 0.907 -0.420
-33.50002 -1149.904 -2974.0 0.000 0.845 -0.535
-35.00003 -1139.003 -2957.686 0.000 0.768 -0.641
-36.50003 -1126.066 -2942.934 0.000 0.677 -0.736
-38.00003 -1111.314 -2929.997 0.000 0.576 -0.818
-39.50004 -1095.0 -2919.096 0.000 0.464 -0.886
-41.00005 -1077.403 -2910.418 0.000 0.344 -0.939
-42.50005 -1058.823 -2904.111 -0.000 0.219 -0.976
-44.00005 -1039.579 -2900.283 -0.000 0.089 -0.996
-45.50005 -1020.0 -2899.0 0.000 -0.041 -0.999
-47.00005 -1000.421 -2900.283 0.000 -0.171 -0.985
-48.50005 -981.1771 -2904.111 0.000 -0.299 -0.954
-50.00005 -962.5975 -2910.418 0.000 -0.421 -0.907
-51.50004 -945.0 -2919.096 0.000 -0.536 -0.845
-53.00004 -928.6858 -2929.997 0.000 -0.641 -0.767
-54.50003 -913.934 -2942.934 0.000 -0.736 -0.677
-56.00003 -900.997 -2957.686 0.000 -0.818 -0.575
-57.50002 -890.0962 -2974.0 0.000 -0.886 -0.464
-59.00002 -881.4181 -2991.597 0.000 -0.939 -0.344
-60.50002 -875.1111 -3010.177 0.000 -0.976 -0.218
-62.00001 -871.2833 -3029.421 0.000 -0.996 -0.089
-63.5 -870.0 -3049.0 0.000 -0.999 0.042
-64.99999 -871.2833 -3068.579 0.000 -0.985 0.172
-66.49998 -875.1111 -3087.823 0.000 -0.954 0.299
-67.99998 -881.4181 -3106.403 0.000 -0.907 0.421
-69.49998 -890.0962 -3124.0 0.000 -0.844 0.536
-70.99997 -900.997 -3140.314 0.000 -0.767 0.642
-72.49997 -913.934 -3155.066 0.000 -0.677 0.736
-73.99997 -928.6858 -3168.003 0.000 -0.575 0.818
-75.49995 -945.0 -3178.904 0.000 -0.463 0.886
-76.99995 -962.5975 -3187.582 0.000 -0.343 0.939
-78.49995 -981.1771 -3193.889 0.000 -0.218 0.976
-79.99995 -1000.421 -3197.717 -0.000 -0.096 0.995
-81.49995 -1020.0 -3199.0 0.001 0.004 1.000
-83.51961 -1050.28 -3198.505 0.005 0.103 0.995
-85.64925 -1082.009 -3195.049 0.015 0.237 0.971
-88.00114 -1116.701 -3185.667 0.027 0.388 0.921
-90.60613 -1154.788 -3168.137 0.039 0.531 0.847
-93.17406 -1192.504 -3143.199 0.050 0.670 0.741
-95.3345 -1225.034 -3112.338 0.061 0.805 0.590
-96.37153 -1248.73 -3077.016 0.065 0.906 0.418
-94.18982 -1264.642 -3038.573 0.059 0.961 0.271
-86.35137 -1274.999 -2998.3 -0.045 0.985 -0.169
-71.7028 -1281.783 -2957.643 0.026 0.994 0.109
-54.26432 -1285.98 -2918.799 0.013 0.997 0.070
-39.36264 -1288.328 -2884.168 0.004 0.999 0.044
-31.01657 -1289.504 -2855.397 -0.001 1.000 0.023
-27.93963 -1289.937 -2831.073 -0.001 1.000 0.008
-27.50014 -1290.0 -2809.01 -0.001 1.000 0.008
