-6664.5 -4576.0 -7407.0 0.000 0.996 0.085
-6661.0 -4574.717 -7426.579 0.000 0.985 0.171
-6657.5 -4570.889 -7445.823 0.000 0.954 0.298
-6654.0 -4564.582 -7464.403 0.000 0.907 0.420
-6650.5 -4555.904 -7482.0 0.000 0.845 0.535
-6647.0 -4545.003 -7498.314 0.000 0.768 0.641
-6643.5 -4532.066 -7513.066 0.000 0.677 0.736
-6640.0 -4517.314 -7526.003 0.000 0.575 0.818
-6636.5 -4501.0 -7536.904 0.000 0.464 0.886
-6633.0 -4483.402 -7545.582 0.000 0.344 0.939
-6629.5 -4464.823 -7551.889 0.000 0.219 0.976
-6626.0 -4445.579 -7555.717 0.000 0.089 0.996
-6622.5 -4426.0 -7557.0 0.000 -0.042 0.999
-6619.0 -4406.421 -7555.717 0.000 -0.172 0.985
-6615.5 -4387.177 -7551.889 0.000 -0.299 0.954
-6612.0 -4368.598 -7545.582 0.000 -0.421 0.907
-6608.5 -4351.0 -7536.904 0.000 -0.536 0.844
-6605.0 -4334.686 -7526.003 0.000 -0.641 0.767
-6601.5 -4319.934 -7513.066 0.000 -0.736 0.677
-6598.0 -4306.997 -7498.314 0.000 -0.818 0.575
-6594.5 -4296.096 -7482.0 0.000 -0.886 0.463
-6591.0 -4287.418 -7464.402 0.000 -0.939 0.344
-6587.5 -4281.111 -7445.823 0.000 -0.976 0.218
-6584.0 -4277.283 -7426.579 0.000 -0.996 0.089
-6580.5 -4276.0 -7407.0 0.000 -0.999 -0.042
-6577.0 -4277.283 -7387.421 0.000 -0.985 -0.172
-6573.5 -4281.111 -7368.177 0.000 -0.954 -0.299
-6570.0 -4287.418 -7349.598 0.000 -0.907 -0.421
-6566.5 -4296.096 -7332.0 0.000 -0.844 -0.536
-6563.0 -4306.997 -7315.686 0.000 -0.767 -0.642
-6559.5 -4319.934 -7300.934 0.000 -0.677 -0.736
-6556.0 -4334.686 -7287.997 0.000 -0.575 -0.818
-6552.5 -4351.0 -7277.096 0.000 -0.463 -0.886
-6549.0 -4368.598 -7268.418 0.000 -0.343 -0.939
-6545.5 -4387.177 -7262.111 0.000 -0.218 -0.976
-6542.0 -4406.421 -7258.283 0.000 -0.088 -0.996
-6538.5 -4426.0 -7257.0 0.000 0.042 -0.999
-6535.0 -4445.579 -7258.283 0.000 0.172 -0.985
-6531.5 -4464.823 -7262.111 0.000 0.300 -0.954
-6528.0 -4483.402 -7268.418 0.000 0.422 -0.907
-6524.5 -4501.0 -7277.096 0.000 0.536 -0.844
-6521.0 -4517.314 -7287.997 0.000 0.642 -0.767
-6517.5 -4532.066 -7300.934 0.000 0.737 -0.676
-6514.0 -4545.003 -7315.686 0.000 0.819 -0.574
-6510.5 -4555.904 -7332.0 0.000 0.887 -0.463
-6507.0 -4564.582 -7349.597 0.000 0.939 -0.343
-6503.5 -4570.889 -7368.177 0.000 0.976 0.219
-6500.0 -4574.717 -7387.421 0.000 0.995 -0.097
-6496.5 -4576.0 -7407.0 0.000 1.000 -0.010
-6496.5 -4576.0 -7507.0 0.000 0.998 0.063
-6493.0 -4574.717 -7526.579 0.000 0.985 0.171
-6489.5 -4570.889 -7545.823 0.000 0.954 0.298
-6486.0 -4564.582 -7564.403 0.000 0.907 0.420
-6482.5 -4555.904 -7582.0 0.000 0.845 0.535
-6479.0 -4545.003 -7598.314 0.000 0.768 0.641
-6475.5 -4532.066 -7613.066 0.000 0.677 0.736
-6472.0 -4517.314 -7626.003 0.000 0.575 0.818
-6468.5 -4501.0 -7636.904 0.000 0.464 0.886
-6465.0 -4483.402 -7645.582 0.000 0.344 0.939
-6461.5 -4464.823 -7651.889 0.000 0.219 0.976
-6458.0 -4445.579 -7655.717 0.000 0.089 0.996
-6454.5 -4426.0 -7657.0 0.000 -0.041 0.999
-6451.0 -4406.421 -7655.717 0.000 -0.171 0.985
-6447.5 -4387.177 -7651.889 0.000 -0.298 0.955
-6444.0 -4368.598 -7645.582 0.000 -0.420 0.907
-6440.5 -4351.0 -7636.904 0.000 -0.535 0.845
-6437.0 -4334.686 -7626.003 0.000 -0.641 0.768
-6433.5 -4319.934 -7613.066 0.001 -0.736 0.677
-6430.0 -4306.997 -7598.314 0.001 -0.818 0.576
-6426.5 -4296.096 -7582.0 0.001 -0.886 0.464
-6423.0 -4287.418 -7564.402 0.001 -0.939 0.344
-6419.5 -4281.111 -7545.823 0.001 -0.976 0.219
-6416.0 -4277.283 -7526.579 0.001 -0.996 0.090
-6412.5 -4276.0 -7507.0 0.001 -0.999 -0.040
-6409.0 -4277.283 -7487.421 0.001 -0.985 -0.170
-6405.5 -4281.111 -7468.177 0.001 -0.955 -0.297
-6402.0 -4287.418 -7449.598 0.001 -0.908 -0.419
-6398.5 -4296.096 -7432.0 0.001 -0.845 -0.534
-6395.0 -4306.997 -7415.686 0.001 -0.769 -0.640
-6391.5 -4319.934 -7400.934 0.001 -0.678 -0.735
-6388.0 -4334.686 -7387.997 0.000 -0.577 -0.817
-6384.5 -4351.0 -7377.096 0.000 -0.465 -0.885
-6381.0 -4368.598 -7368.418 0.000 -0.346 -0.938
-6377.5 -4387.177 -7362.111 0.000 -0.220 -0.975
-6374.0 -4406.421 -7358.283 0.000 -0.091 -0.996
-6370.5 -4426.0 -7357.0 0.000 0.042 -0.999
-6367.0 -4445.579 -7358.283 0.000 0.172 -0.985
-6363.5 -4464.823 -7362.111 0.000 0.300 -0.954
-6360.0 -4483.402 -7368.418 0.000 0.422 -0.907
-6356.5 -4501.0 -7377.096 0.000 0.536 -0.844
-6353.0 -4517.314 -7387.997 0.000 0.642 -0.767
-6349.5 -4532.066 -7400.934 0.000 0.737 -0.676
-6346.0 -4545.003 -7415.686 0.000 0.819 -0.574
-6342.5 -4555.904 -7432.0 0.000 0.887 -0.463
-6339.0 -4564.582 -7449.597 0.000 0.939 -0.343
-6335.5 -4570.889 -7468.177 0.000 0.976 -0.217
-6332.0 -4574.717 -7487.421 0.000 0.994 -0.107
-6328.5 -4576.0 -7507.0 0.000 0.994 -0.107
