-6430.576 -4515.0 -10036.0 -0.029 0.394 0.919
-6430.609 -4586.242 -10006.42 -0.040 0.432 0.901
-6430.642 -4634.172 -9982.231 -0.047 0.471 0.881
-6430.676 -4681.71 -9956.376 -0.047 0.494 0.868
-6430.711 -4728.636 -9929.496 -0.046 0.520 0.853
-6430.749 -4774.674 -9901.202 -0.045 0.554 0.831
-6430.789 -4819.464 -9871.06 -0.043 0.597 0.801
-6430.832 -4862.523 -9838.599 -0.041 0.651 0.758
-6430.878 -4903.109 -9803.225 -0.038 0.715 0.698
-6430.929 -4940.147 -9764.286 -0.033 0.785 0.619
-6430.986 -4972.672 -9721.603 -0.028 0.849 0.527
-6431.046 -5000.024 -9675.426 -0.023 0.900 0.435
-6431.111 -5022.446 -9626.586 -0.019 0.937 0.349
-6431.178 -5040.439 -9575.877 -0.015 0.962 0.271
-6431.247 -5054.241 -9523.811 -0.011 0.979 0.205
-6431.316 -5064.559 -9470.87 -0.008 0.988 0.152
-6431.387 -5072.247 -9417.429 -0.006 0.994 0.112
-6431.458 -5077.638 -9364.129 -0.004 0.996 0.087
-6431.529 -5082.256 -9309.705 -0.003 0.999 0.050
-6431.603 -5085.856 -9256.0 -0.002 1.000 -0.024
-6431.529 -5082.256 -9202.295 -0.004 0.997 -0.080
-6431.458 -5077.638 -9148.371 -0.005 0.995 -0.100
-6431.387 -5072.247 -9094.571 -0.007 0.991 -0.135
-6431.316 -5064.559 -9041.13 -0.010 0.983 -0.184
-6431.246 -5054.241 -8988.189 -0.013 0.969 -0.246
-6431.178 -5040.439 -8936.123 -0.017 0.947 -0.321
-6431.111 -5022.446 -8885.414 -0.022 0.915 -0.404
-6431.046 -5000.024 -8836.574 -0.027 0.869 -0.494
-6430.985 -4972.672 -8790.397 -0.032 0.808 -0.588
-6430.929 -4940.147 -8747.714 -0.036 0.739 -0.672
-6430.878 -4903.109 -8708.775 -0.040 0.672 -0.739
-6430.831 -4862.523 -8673.401 -0.042 0.614 -0.788
-6430.789 -4819.464 -8640.94 -0.044 0.568 -0.822
-6430.749 -4774.674 -8610.798 -0.046 0.532 -0.846
-6430.711 -4728.636 -8582.504 -0.047 0.503 -0.863
-6430.676 -4681.71 -8555.624 -0.047 0.480 -0.876
-6430.642 -4634.172 -8529.77 -0.044 0.449 -0.892
-6430.609 -4586.242 -8505.58 -0.033 0.407 -0.913
-6430.576 -4515.0 -8476.0 -0.033 0.407 -0.913
