-8173.5 -6705.0 -13506.0 0.000 0.997 -0.083
-8177.0 -6703.717 -13486.42 0.000 0.985 -0.170
-8180.5 -6699.889 -13467.18 0.000 0.955 -0.297
-8184.0 -6693.582 -13448.6 0.000 0.908 -0.419
-8187.5 -6684.904 -13431.0 0.000 0.845 -0.534
-8191.0 -6674.003 -13414.69 0.000 0.769 -0.640
-8194.5 -6661.066 -13399.93 0.000 0.678 -0.735
-8198.0 -6646.314 -13387.0 0.000 0.577 -0.817
-8201.5 -6630.0 -13376.1 0.000 0.465 -0.885
-8205.0 -6612.403 -13367.42 0.000 0.346 -0.938
-8208.5 -6593.823 -13361.11 0.000 0.220 -0.975
-8212.0 -6574.579 -13357.28 0.000 0.100 -0.995
-8215.5 -6555.0 -13356.0 0.000 0.023 -1.000
-8215.5 -6455.0 -13356.0 0.000 0.001 -1.000
-8215.5 -6355.0 -13356.0 0.000 -0.009 -1.000
-8215.5 -6255.0 -13356.0 0.000 -0.062 -0.998
-8219.0 -6235.421 -13357.28 0.000 -0.170 -0.985
-8222.5 -6216.177 -13361.11 0.000 -0.297 -0.955
-8226.0 -6197.598 -13367.42 0.000 -0.419 -0.908
-8229.5 -6180.0 -13376.1 0.000 -0.534 -0.845
-8233.0 -6163.686 -13387.0 0.000 -0.640 -0.768
-8236.5 -6148.934 -13399.93 0.000 -0.735 -0.678
-8240.0 -6135.997 -13414.69 0.000 -0.817 -0.576
-8243.5 -6125.096 -13431.0 0.000 -0.885 -0.465
-8247.0 -6116.418 -13448.6 0.000 -0.939 -0.345
-8250.5 -6110.111 -13467.18 0.000 -0.976 -0.220
-8254.0 -6106.283 -13486.42 0.000 -0.995 -0.100
-8257.5 -6105.0 -13506.0 0.000 -1.000 -0.023
-8272.5 -6105.0 -13606.0 0.000 -1.000 0.009
-8287.5 -6105.0 -13706.0 0.000 -0.998 0.062
-8291.0 -6106.283 -13725.58 0.000 -0.985 0.171
-8294.5 -6110.111 -13744.82 0.000 -0.955 0.298
-8298.0 -6116.418 -13763.4 0.000 -0.908 0.420
-8301.5 -6125.096 -13781.0 0.000 -0.845 0.535
-8305.0 -6135.997 -13797.31 0.000 -0.768 0.640
-8308.5 -6148.934 -13812.07 0.000 -0.678 0.735
-8312.0 -6163.686 -13825.0 0.000 -0.576 0.817
-8315.5 -6180.0 -13835.9 0.000 -0.464 0.886
-8319.0 -6197.597 -13844.58 0.000 -0.345 0.939
-8322.5 -6216.177 -13850.89 0.000 -0.219 0.976
-8326.0 -6235.421 -13854.72 0.000 -0.090 0.996
-8329.5 -6255.0 -13856.0 0.000 0.041 0.999
-8333.0 -6274.579 -13854.72 0.000 0.171 0.985
-8336.5 -6293.823 -13850.89 0.000 0.298 0.955
-8340.0 -6312.402 -13844.58 0.000 0.420 0.907
-8343.5 -6330.0 -13835.9 0.000 0.535 0.845
-8347.0 -6346.314 -13825.0 0.000 0.641 0.768
-8350.5 -6361.066 -13812.07 0.000 0.736 0.677
-8354.0 -6374.003 -13797.31 0.000 0.818 0.576
-8357.5 -6384.904 -13781.0 0.000 0.886 0.464
-8361.0 -6393.582 -13763.4 0.000 0.939 0.344
-8364.5 -6399.889 -13744.82 0.000 0.976 -0.217
-8368.0 -6403.717 -13725.58 0.000 0.994 0.109
-8371.5 -6405.0 -13706.0 0.000 0.994 0.109
