-6224.624 -4515.0 -8436.0 0.028 0.394 0.919
-6224.591 -4586.242 -8406.463 0.039 0.432 0.901
-6224.558 -4634.172 -8382.274 0.047 0.471 0.881
-6224.523 -4681.71 -8356.419 0.046 0.494 0.868
-6224.488 -4728.636 -8329.539 0.045 0.520 0.853
-6224.451 -4774.674 -8301.245 0.044 0.554 0.832
-6224.411 -4819.464 -8271.103 0.042 0.596 0.802
-6224.368 -4862.523 -8238.642 0.040 0.650 0.759
-6224.322 -4903.109 -8203.268 0.036 0.715 0.698
-6224.271 -4940.147 -8164.33 0.032 0.784 0.620
-6224.214 -4972.672 -8121.646 0.027 0.849 0.528
-6224.153 -5000.024 -8075.468 0.022 0.900 0.436
-6224.089 -5022.446 -8026.629 0.017 0.937 0.350
-6224.022 -5040.439 -7975.92 0.013 0.962 0.272
-6223.953 -5054.241 -7923.854 0.009 0.979 0.205
-6223.883 -5064.559 -7870.913 0.007 0.989 0.150
-6223.813 -5072.247 -7817.472 0.003 0.997 0.083
-6223.742 -5084.638 -7674.172 -0.001 0.999 -0.035
-6223.671 -5083.756 -7656.749 -0.005 0.984 -0.177
-6223.597 -5072.356 -7611.0 -0.005 0.984 -0.177
