28.49999 -1170.0 -3149.0 0.000 0.999 -0.041
29.99999 -1168.717 -3029.421 0.000 0.988 -0.155
31.5 -1164.889 -3010.177 0.000 0.954 -0.300
33.0 -1158.582 -2991.597 0.000 0.907 -0.422
34.5 -1149.904 -2974.0 0.000 0.844 -0.537
36.0 -1139.003 -2957.686 0.000 0.766 -0.642
37.50001 -1126.066 -2942.934 0.000 0.676 -0.737
39.00001 -1111.314 -2929.997 0.000 0.574 -0.819
40.50001 -1095.0 -2919.096 0.000 0.462 -0.887
42.00001 -1077.403 -2910.418 0.000 0.342 -0.940
43.50002 -1058.823 -2904.111 -0.000 0.217 -0.976
45.00002 -1039.579 -2900.283 -0.000 0.087 -0.996
46.50002 -1020.0 -2899.0 0.000 -0.043 -0.999
48.00002 -1000.421 -2900.283 0.000 -0.174 -0.985
49.50002 -981.1771 -2904.111 0.000 -0.301 -0.954
51.00001 -962.5975 -2910.418 0.000 -0.423 -0.906
52.50001 -945.0 -2919.096 0.000 -0.537 -0.843
54.00001 -928.6858 -2929.997 0.000 -0.643 -0.766
55.50001 -913.934 -2942.934 0.000 -0.737 -0.676
57.00001 -900.997 -2957.686 0.000 -0.819 -0.573
58.5 -890.0962 -2974.0 0.000 -0.887 -0.462
60.0 -881.4181 -2991.597 0.000 -0.940 -0.342
61.5 -875.1111 -3010.177 0.000 -0.976 -0.216
62.99999 -871.2833 -3029.421 0.000 -0.996 -0.087
64.49999 -870.0 -3049.0 0.000 -0.999 0.044
65.99998 -871.2833 -3068.579 0.000 -0.985 0.174
67.49998 -875.1111 -3087.823 0.000 -0.954 0.301
68.99998 -881.4181 -3106.403 0.000 -0.906 0.423
70.49998 -890.0962 -3124.0 0.000 -0.843 0.538
71.99998 -900.997 -3140.314 0.000 -0.766 0.643
73.49998 -913.934 -3155.066 0.000 -0.675 0.738
74.99997 -928.6858 -3168.003 0.000 -0.573 0.819
76.49997 -945.0 -3178.904 0.000 -0.461 0.887
77.99997 -962.5975 -3187.582 0.000 -0.341 0.940
79.49997 -981.1771 -3193.889 0.000 -0.216 0.976
80.99997 -1000.421 -3197.717 0.000 -0.095 0.995
82.49997 -1020.0 -3199.0 -0.001 0.004 1.000
84.5174 -1050.214 -3198.507 -0.006 0.103 0.995
86.64701 -1081.942 -3195.05 -0.016 0.237 0.971
88.99883 -1116.633 -3185.666 -0.028 0.388 0.921
91.60373 -1154.718 -3168.135 -0.039 0.531 0.847
94.17159 -1192.434 -3143.196 -0.051 0.670 0.741
96.33215 -1224.966 -3112.328 -0.062 0.805 0.590
97.36921 -1248.678 -3076.972 -0.067 0.906 0.418
95.18054 -1264.618 -3038.439 -0.060 0.961 0.271
87.31529 -1275.001 -2998.033 0.043 0.985 -0.169
72.63054 -1281.797 -2957.271 -0.028 0.994 0.109
55.18013 -1285.995 -2918.398 -0.014 0.997 0.070
40.30404 -1288.338 -2883.832 -0.005 0.999 0.044
31.9958 -1289.509 -2855.195 -0.001 1.000 0.023
28.93694 -1289.939 -2831.0 -0.001 1.000 0.008
28.49989 -1290.0 -2808.99 -0.001 1.000 0.008
