-9045.5 -7014.0 -15685.01 -0.001 1.000 -0.002
-9045.063 -7013.939 -15563.0 0.000 1.000 -0.014
-9042.004 -7013.509 -15538.8 -0.003 0.999 -0.035
-9033.696 -7012.338 -15510.17 -0.011 0.998 -0.059
-9018.82 -7009.995 -15475.6 -0.023 0.995 -0.093
-9001.369 -7005.797 -15436.73 -0.039 0.989 -0.145
-8986.685 -6999.001 -15395.97 -0.055 0.971 -0.231
-8978.819 -6988.618 -15355.56 -0.066 0.930 -0.362
-8976.631 -6972.678 -15317.03 -0.065 0.846 -0.530
-8977.668 -6948.966 -15281.67 -0.055 0.718 -0.694
-8979.828 -6916.434 -15250.8 -0.043 0.577 -0.815
-8982.396 -6878.718 -15225.87 -0.032 0.438 -0.898
-8985.001 -6840.632 -15208.33 -0.020 0.290 -0.957
-8987.354 -6805.942 -15198.95 -0.009 0.145 -0.989
-8989.482 -6774.213 -15195.49 -0.002 0.035 -0.999
-8991.5 -6744.0 -15195.0 0.000 -0.058 -0.998
-8993.0 -6724.421 -15196.28 0.000 -0.171 -0.985
-8994.5 -6705.177 -15200.11 0.000 -0.299 -0.954
-8996.0 -6686.598 -15206.42 0.000 -0.421 -0.907
-8997.5 -6669.0 -15215.1 0.000 -0.536 -0.845
-8999.0 -6652.686 -15226.0 0.000 -0.641 -0.767
-9000.5 -6637.934 -15238.93 0.000 -0.736 -0.677
-9002.0 -6624.997 -15253.69 0.000 -0.818 -0.575
-9003.5 -6614.096 -15270.0 0.000 -0.886 -0.464
-9005.0 -6605.418 -15287.6 0.000 -0.939 -0.344
-9006.5 -6599.111 -15306.18 0.000 -0.976 -0.218
-9008.0 -6595.283 -15325.42 0.000 -0.996 -0.089
-9009.5 -6594.0 -15345.0 0.000 -0.999 0.042
-9011.0 -6595.283 -15364.58 0.000 -0.985 0.172
-9012.5 -6599.111 -15383.82 0.000 -0.954 0.299
-9014.0 -6605.418 -15402.4 0.000 -0.907 0.421
-9015.5 -6614.096 -15420.0 0.000 -0.844 0.536
-9017.0 -6624.997 -15436.31 0.000 -0.767 0.642
-9018.5 -6637.934 -15451.07 0.000 -0.677 0.736
-9020.0 -6652.686 -15464.0 0.000 -0.575 0.818
-9021.5 -6669.0 -15474.9 0.000 -0.463 0.886
-9023.0 -6686.598 -15483.58 0.000 -0.343 0.939
-9024.5 -6705.177 -15489.89 0.000 -0.218 0.976
-9026.0 -6724.421 -15493.72 0.000 -0.089 0.996
-9027.5 -6744.0 -15495.0 -0.000 0.042 0.999
-9029.0 -6763.579 -15493.72 -0.000 0.172 0.985
-9030.5 -6782.823 -15489.89 0.000 0.299 0.954
-9032.0 -6801.403 -15483.58 0.000 0.421 0.907
-9033.5 -6819.0 -15474.9 0.000 0.536 0.844
-9035.0 -6835.314 -15464.0 0.000 0.642 0.767
-9036.5 -6850.066 -15451.07 0.000 0.736 0.677
-9038.0 -6863.003 -15436.31 0.000 0.818 0.575
-9039.5 -6873.904 -15420.0 0.000 0.886 0.463
-9041.0 -6882.582 -15402.4 0.000 0.939 0.343
-9042.5 -6888.889 -15383.82 0.000 0.978 -0.207
-9044.0 -6892.717 -15364.58 0.000 0.997 0.073
-9045.5 -6894.0 -15245.0 0.000 0.997 0.073
