-6225.424 -4515.0 -10076.0 0.028 0.396 -0.918
-6225.391 -4586.242 -10105.58 0.040 0.434 -0.900
-6225.357 -4634.172 -10129.77 0.047 0.473 -0.880
-6225.323 -4681.71 -10155.62 0.046 0.496 -0.867
-6225.288 -4728.636 -10182.5 0.045 0.521 -0.852
-6225.25 -4774.674 -10210.8 0.044 0.555 -0.831
-6225.211 -4819.464 -10240.94 0.042 0.598 -0.800
-6225.168 -4862.523 -10273.4 0.040 0.652 -0.757
-6225.122 -4903.109 -10308.78 0.037 0.716 -0.697
-6225.07 -4940.147 -10347.71 0.032 0.786 -0.618
-6225.014 -4972.672 -10390.4 0.027 0.850 -0.526
-6224.953 -5000.024 -10436.57 0.022 0.901 -0.433
-6224.889 -5022.446 -10485.41 0.017 0.937 -0.348
-6224.822 -5040.439 -10536.12 0.013 0.963 -0.270
-6224.753 -5054.241 -10588.19 0.009 0.979 -0.203
-6224.683 -5064.559 -10641.13 0.006 0.989 -0.148
-6224.613 -5072.247 -10694.57 0.003 0.997 -0.080
-6224.542 -5084.638 -10837.87 -0.001 0.999 0.038
-6224.471 -5083.756 -10855.29 -0.005 0.984 0.179
-6224.397 -5072.356 -10901.0 -0.005 0.984 0.179
