-6430.576 -4515.0 -8436.0 -0.029 0.394 0.919
-6430.609 -4586.242 -8406.42 -0.040 0.432 0.901
-6430.642 -4634.172 -8382.231 -0.047 0.471 0.881
-6430.676 -4681.71 -8356.376 -0.047 0.494 0.868
-6430.712 -4728.636 -8329.496 -0.046 0.520 0.853
-6430.749 -4774.674 -8301.202 -0.045 0.554 0.831
-6430.789 -4819.464 -8271.06 -0.043 0.597 0.801
-6430.832 -4862.523 -8238.599 -0.041 0.651 0.758
-6430.878 -4903.109 -8203.225 -0.038 0.715 0.698
-6430.93 -4940.147 -8164.287 -0.033 0.785 0.619
-6430.986 -4972.672 -8121.603 -0.028 0.849 0.527
-6431.047 -5000.024 -8075.425 -0.023 0.900 0.435
-6431.111 -5022.446 -8026.586 -0.019 0.937 0.349
-6431.178 -5040.439 -7975.877 -0.015 0.962 0.271
-6431.247 -5054.241 -7923.811 -0.011 0.979 0.205
-6431.316 -5064.559 -7870.87 -0.008 0.989 0.149
-6431.387 -5072.247 -7817.429 -0.004 0.997 0.082
-6431.458 -5084.638 -7674.129 -0.001 0.999 -0.037
-6431.529 -5083.756 -7656.705 0.004 0.984 -0.177
-6431.603 -5072.356 -7611.0 0.004 0.984 -0.177
