-6224.624 -4515.0 -10036.0 0.028 0.394 0.919
-6224.591 -4586.25 -10006.46 0.039 0.432 0.901
-6224.558 -4634.188 -9982.274 0.047 0.471 0.881
-6224.524 -4681.719 -9956.419 0.046 0.494 0.868
-6224.488 -4728.656 -9929.539 0.045 0.520 0.853
-6224.451 -4774.688 -9901.245 0.044 0.554 0.832
-6224.412 -4819.469 -9871.103 0.042 0.596 0.802
-6224.369 -4862.531 -9838.642 0.040 0.650 0.759
-6224.322 -4903.125 -9803.268 0.037 0.715 0.698
-6224.271 -4940.156 -9764.33 0.032 0.784 0.620
-6224.214 -4972.688 -9721.646 0.027 0.849 0.528
-6224.153 -5000.031 -9675.469 0.022 0.900 0.436
-6224.089 -5022.469 -9626.629 0.017 0.937 0.350
-6224.022 -5040.438 -9575.92 0.013 0.962 0.272
-6223.954 -5054.25 -9523.854 0.009 0.979 0.205
-6223.884 -5064.563 -9470.913 0.007 0.988 0.152
-6223.813 -5072.25 -9417.473 0.004 0.994 0.112
-6223.742 -5077.656 -9364.172 0.003 0.996 0.087
-6223.671 -5082.25 -9309.748 0.001 0.999 0.050
-6223.598 -5085.875 -9256.0 0.001 1.000 -0.024
-6223.671 -5082.25 -9202.252 0.002 0.997 -0.080
-6223.742 -5077.656 -9148.328 0.004 0.995 -0.101
-6223.813 -5072.25 -9094.527 0.006 0.991 -0.135
-6223.884 -5064.563 -9041.087 0.008 0.983 -0.185
-6223.954 -5054.25 -8988.146 0.012 0.969 -0.247
-6224.022 -5040.438 -8936.08 0.016 0.947 -0.322
-6224.089 -5022.469 -8885.371 0.020 0.914 -0.405
-6224.153 -5000.031 -8836.531 0.025 0.868 -0.495
-6224.214 -4972.688 -8790.354 0.031 0.808 -0.588
-6224.271 -4940.156 -8747.67 0.035 0.739 -0.673
-6224.322 -4903.125 -8708.732 0.039 0.672 -0.740
-6224.369 -4862.531 -8673.358 0.042 0.614 -0.788
-6224.411 -4819.469 -8640.897 0.044 0.568 -0.822
-6224.451 -4774.688 -8610.755 0.045 0.532 -0.846
-6224.488 -4728.656 -8582.46 0.046 0.503 -0.863
-6224.523 -4681.719 -8555.581 0.047 0.480 -0.876
-6224.558 -4634.188 -8529.726 0.043 0.449 -0.892
-6224.591 -4586.25 -8505.536 0.032 0.407 -0.913
-6224.624 -4515.0 -8476.0 0.032 0.407 -0.913
