-9101.5 -7014.0 -15684.99 -0.001 1.000 -0.002
-9101.939 -7013.938 -15562.93 0.000 1.000 -0.014
-9105.017 -7013.504 -15538.6 0.002 0.999 -0.035
-9113.362 -7012.328 -15509.83 0.009 0.998 -0.059
-9128.265 -7009.98 -15475.2 0.021 0.995 -0.093
-9145.703 -7005.783 -15436.36 0.038 0.989 -0.145
-9160.352 -6998.999 -15395.7 0.054 0.971 -0.231
-9168.189 -6988.642 -15355.43 0.064 0.930 -0.362
-9170.371 -6972.729 -15316.98 0.063 0.846 -0.530
-9169.335 -6949.034 -15281.66 0.054 0.718 -0.694
-9167.174 -6916.504 -15250.8 0.042 0.577 -0.815
-9164.606 -6878.788 -15225.86 0.031 0.438 -0.898
-9162.001 -6840.701 -15208.33 0.020 0.290 -0.957
-9159.649 -6806.009 -15198.95 0.009 0.145 -0.989
-9157.52 -6774.28 -15195.5 0.002 0.034 -0.999
-9155.5 -6744.0 -15195.0 -0.000 -0.060 -0.998
-9154.0 -6724.421 -15196.28 0.000 -0.174 -0.985
-9152.5 -6705.177 -15200.11 0.000 -0.301 -0.954
-9151.0 -6686.598 -15206.42 0.000 -0.423 -0.906
-9149.5 -6669.0 -15215.1 0.000 -0.537 -0.843
-9148.0 -6652.686 -15226.0 0.000 -0.643 -0.766
-9146.5 -6637.934 -15238.93 0.000 -0.737 -0.676
-9145.0 -6624.997 -15253.69 0.000 -0.819 -0.573
-9143.5 -6614.096 -15270.0 0.000 -0.887 -0.462
-9142.0 -6605.418 -15287.6 0.000 -0.940 -0.342
-9140.5 -6599.111 -15306.18 0.000 -0.976 -0.216
-9139.0 -6595.283 -15325.42 0.000 -0.996 -0.087
-9137.5 -6594.0 -15345.0 0.000 -0.999 0.044
-9136.0 -6595.283 -15364.58 0.000 -0.985 0.174
-9134.5 -6599.111 -15383.82 0.000 -0.954 0.301
-9133.0 -6605.418 -15402.4 0.000 -0.906 0.423
-9131.5 -6614.096 -15420.0 0.000 -0.843 0.538
-9130.0 -6624.997 -15436.31 0.000 -0.766 0.643
-9128.5 -6637.934 -15451.07 0.000 -0.675 0.738
-9127.0 -6652.686 -15464.0 0.000 -0.573 0.819
-9125.5 -6669.0 -15474.9 0.000 -0.461 0.887
-9124.0 -6686.598 -15483.58 0.000 -0.341 0.940
-9122.5 -6705.177 -15489.89 0.000 -0.216 0.976
-9121.0 -6724.421 -15493.72 0.000 -0.086 0.996
-9119.5 -6744.0 -15495.0 -0.000 0.044 0.999
-9118.0 -6763.579 -15493.72 -0.000 0.174 0.985
-9116.5 -6782.823 -15489.89 0.000 0.301 0.953
-9115.0 -6801.403 -15483.58 0.000 0.423 0.906
-9113.5 -6819.0 -15474.9 0.000 0.538 0.843
-9112.0 -6835.314 -15464.0 0.000 0.643 0.765
-9110.5 -6850.066 -15451.07 0.000 0.738 0.675
-9109.0 -6863.003 -15436.31 0.000 0.820 0.573
-9107.5 -6873.904 -15420.0 0.000 0.887 0.461
-9106.0 -6882.582 -15402.4 0.000 0.940 0.341
-9104.5 -6888.889 -15383.82 0.000 0.979 -0.205
-9103.0 -6892.717 -15364.58 0.000 0.997 0.073
-9101.5 -6894.0 -15245.0 0.000 0.997 0.073
