-103.3765 200.0 -19.0 -0.029 0.395 -0.918
-103.4093 128.7585 -48.53674 -0.040 0.434 -0.900
-103.4425 80.82813 -72.72583 -0.048 0.473 -0.880
-103.4766 33.28967 -98.58105 -0.047 0.496 -0.867
-103.512 -13.63623 -125.4606 -0.046 0.521 -0.852
-103.5493 -59.67389 -153.755 -0.045 0.555 -0.831
-103.5891 -104.464 -183.8972 -0.043 0.597 -0.801
-103.6319 -147.5236 -216.3584 -0.041 0.651 -0.758
-103.6785 -188.1087 -251.7325 -0.038 0.716 -0.697
-103.7299 -225.1475 -290.67 -0.033 0.785 -0.618
-103.7861 -257.6718 -333.354 -0.028 0.849 -0.527
-103.847 -285.0242 -379.5316 -0.023 0.901 -0.434
-103.9114 -307.4465 -428.3711 -0.019 0.937 -0.349
-103.9783 -325.4391 -479.08 -0.015 0.963 -0.271
-104.0469 -339.2411 -531.1458 -0.011 0.979 -0.204
-104.1167 -349.5584 -584.0875 -0.008 0.989 -0.148
-104.1872 -357.247 -637.528 -0.004 0.997 -0.082
-103.2581 -369.6382 -780.8278 -0.001 0.999 0.035
-102.3292 -368.7565 -798.2516 0.004 0.984 0.179
-98.90288 -357.3563 -844.0 0.004 0.984 0.179
