-2619.464111 -4259.313965 -18445.029297 0.016000 1.000000 0.011000
-2638.830078 -4259.615723 -18424.230469 0.019000 1.000000 0.008000
-2656.905029 -4259.868164 -18402.810547 0.022000 1.000000 0.004000
-2664.656982 -4260.380859 -18391.199219 0.024000 1.000000 0.002000
-2670.229004 -4260.254883 -18378.390625 0.027000 1.000000 -0.001000
-2674.510986 -4260.095215 -18365.070313 0.029000 1.000000 -0.010000
-2677.720947 -4259.815918 -18351.460938 0.031000 0.999000 -0.025000
-2679.449951 -4259.407227 -18337.609375 0.028000 0.999000 -0.047000
-2678.446045 -4251.734863 -18197.619141 0.016000 0.997000 -0.072000
-2675.711914 -4250.748047 -18184.000000 -0.004000 0.995000 -0.096000
-2671.525879 -4249.280762 -18170.769531 -0.027000 0.994000 -0.105000
-2665.511963 -4247.694824 -18158.289063 -0.041000 0.995000 -0.092000
-2656.897949 -4246.272949 -18147.410156 -0.040000 0.997000 -0.064000
-2646.470947 -4245.291016 -18138.160156 -0.027000 0.999000 -0.031000
-2629.111084 -4244.544922 -18126.400391 -0.011000 1.000000 -0.003000
-2604.459961 -4244.520996 -18112.990234 0.035000 0.999000 0.012000
-2598.205078 -4244.515137 -18109.669922 0.163000 0.986000 0.021000
-2591.934082 -4246.209961 -18106.599609 0.163000 0.986000 0.021000
