-685.375000 -4259.351074 -20280.000000 0.000000 1.000000 0.006000
-685.375000 -4259.304199 -20333.119141 0.000000 1.000000 0.027000
-685.375000 -4258.985840 -20343.710938 0.000000 0.998000 0.066000
-685.375000 -4258.226074 -20354.279297 0.000000 0.994000 0.111000
-685.375000 -4256.940918 -20364.800781 0.000000 0.989000 0.151000
-685.375000 -4255.247070 -20375.269531 0.000000 0.986000 0.170000
-685.375000 -4212.462891 -20605.070313 0.000000 0.988000 0.151000
-685.375000 -4210.875977 -20615.609375 0.000000 0.995000 0.104000
-685.375000 -4209.871094 -20626.210938 0.000000 0.999000 0.054000
-685.375000 -4209.417969 -20636.859375 0.000000 1.000000 0.017000
-685.375000 -4209.351074 -20647.500000 0.000000 1.000000 0.002000
-685.375000 -4209.351074 -20690.000000 0.000000 1.000000 0.002000
