-2499.987061 -4259.083496 -18795.519531 -0.018000 1.000000 0.011000
-2480.608887 -4259.895020 -18774.710938 -0.021000 1.000000 0.008000
-2462.496094 -4260.196777 -18753.240234 -0.023000 1.000000 0.004000
-2454.685059 -4260.363770 -18741.539063 -0.026000 1.000000 0.002000
-2449.070068 -4260.235840 -18728.640625 -0.028000 1.000000 -0.001000
-2444.766113 -4260.075195 -18715.250000 -0.031000 0.999000 -0.010000
-2441.541016 -4259.793945 -18701.570313 -0.032000 0.999000 -0.025000
-2439.801025 -4259.383789 -18687.630859 -0.029000 0.998000 -0.047000
-2440.808105 -4251.708984 -18547.519531 -0.017000 0.997000 -0.072000
-2443.561035 -4250.729004 -18533.800781 0.003000 0.995000 -0.096000
-2447.777100 -4249.263184 -18520.470703 0.025000 0.994000 -0.105000
-2453.853027 -4247.682129 -18507.869141 0.039000 0.995000 -0.092000
-2462.556885 -4246.254883 -18496.869141 0.038000 0.997000 -0.064000
-2473.069092 -4245.284180 -18487.550781 0.025000 0.999000 -0.031000
-2490.499023 -4244.541992 -18475.740234 0.010000 1.000000 -0.003000
-2515.185059 -4244.532227 -18462.310547 -0.036000 0.999000 0.012000
-2521.446045 -4244.528809 -18458.980469 -0.165000 0.986000 0.021000
-2527.830078 -4246.080078 -18455.880859 -0.165000 0.986000 0.021000
