-2619.464111 -4259.371582 -18795.009766 0.016000 1.000000 0.011000
-2638.830078 -4260.375488 -18774.210938 0.019000 1.000000 0.008000
-2656.905029 -4260.217773 -18752.789063 0.022000 1.000000 0.004000
-2664.656982 -4260.380859 -18741.179688 0.024000 1.000000 0.002000
-2670.229004 -4260.254883 -18728.380859 0.027000 1.000000 -0.001000
-2674.510986 -4260.095215 -18715.060547 0.029000 1.000000 -0.010000
-2677.720947 -4259.815918 -18701.449219 0.031000 0.999000 -0.025000
-2679.449951 -4259.407227 -18687.589844 0.028000 0.999000 -0.047000
-2678.446045 -4251.734863 -18547.599609 0.016000 0.997000 -0.072000
-2675.711914 -4250.748047 -18533.990234 -0.004000 0.995000 -0.096000
-2671.525879 -4249.280762 -18520.750000 -0.027000 0.994000 -0.105000
-2665.511963 -4247.694824 -18508.269531 -0.041000 0.995000 -0.092000
-2656.897949 -4246.272949 -18497.390625 -0.040000 0.997000 -0.064000
-2646.470947 -4245.291016 -18488.140625 -0.027000 0.999000 -0.031000
-2629.111084 -4244.544922 -18476.380859 -0.011000 1.000000 -0.003000
-2604.459961 -4244.520996 -18462.970703 0.035000 0.999000 0.012000
-2598.205078 -4244.515137 -18459.650391 0.163000 0.986000 0.021000
-2591.934082 -4246.209961 -18456.589844 0.163000 0.986000 0.021000
