-2579.625000 -2169.354004 -11120.070313 0.000000 0.988000 -0.157000
-2579.625000 -2165.717041 -11085.139648 0.000000 0.927000 -0.374000
-2579.625000 -2151.009033 -11053.580078 0.000000 0.760000 -0.650000
-2579.625000 -2125.946045 -11029.169922 0.000000 0.602000 -0.799000
-2579.625000 -2096.530029 -11009.769531 0.000000 0.556000 -0.831000
-2579.625000 -2066.824951 -10990.650391 0.000000 0.628000 -0.778000
-2579.625000 -2038.515991 -10969.379883 0.000000 0.800000 -0.601000
-2579.625000 -2019.144043 -10940.030273 0.000000 0.939000 -0.343000
-2579.625000 -2009.744019 -10905.929688 0.000000 0.986000 -0.169000
-2579.625000 -2004.996948 -10870.900391 0.000000 0.996000 -0.091000
-2579.625000 -1969.274048 -10448.650391 0.000000 1.000000 -0.028000
-2579.625000 -1968.104980 -10413.320313 0.000000 0.997000 0.083000
-2579.625000 -1971.270996 -10378.099609 0.000000 0.965000 0.262000
-2579.625000 -1981.578003 -10344.290039 0.000000 0.892000 0.452000
-2579.625000 -1999.314941 -10313.690430 0.000000 0.815000 0.579000
-2579.625000 -2020.677002 -10285.519531 0.000000 0.781000 0.624000
-2579.625000 -2043.619019 -10258.690430 0.000000 0.818000 0.575000
-2579.625000 -2064.196045 -10230.179688 0.000000 0.909000 0.417000
-2579.625000 -2077.375000 -10197.730469 0.000000 0.974000 0.226000
-2579.625000 -2083.461914 -10163.080078 0.000000 0.996000 0.094000
-2579.625000 -2088.857910 -10092.759766 0.000000 1.000000 0.002000
-2579.625000 -2087.841064 -10022.240234 0.000000 0.997000 -0.079000
-2579.625000 -2084.504883 -9987.148438 0.000000 0.987000 -0.162000
-2579.625000 -2078.537109 -9952.431641 0.000000 0.961000 -0.275000
-2579.625000 -2068.656006 -9918.690430 0.000000 0.904000 -0.427000
-2579.625000 -2052.274902 -9887.614258 0.000000 0.829000 -0.560000
-2579.625000 -2031.603027 -9859.134766 0.000000 0.766000 -0.643000
-2579.625000 -2008.358032 -9832.651367 0.000000 0.719000 -0.695000
-2579.625000 -1983.520020 -9807.618164 0.000000 0.679000 -0.734000
-2579.625000 -1931.125977 -9760.346680 0.000000 0.651000 -0.759000
-2579.625000 -1849.464966 -9692.908203 0.000000 0.658000 -0.753000
-2579.625000 -1795.631958 -9647.181641 0.000000 0.714000 -0.700000
-2579.625000 -1771.323975 -9621.593750 0.000000 0.786000 -0.618000
-2579.625000 -1749.969971 -9593.426758 0.000000 0.847000 -0.531000
-2579.625000 -1731.678955 -9563.146484 0.000000 0.895000 -0.447000
-2579.625000 -1716.522949 -9531.203125 0.000000 0.928000 -0.373000
-2579.625000 -1703.746948 -9498.267578 0.000000 0.951000 -0.310000
-2579.625000 -1693.159058 -9464.567383 0.000000 0.968000 -0.251000
-2579.625000 -1684.608032 -9430.289063 0.000000 0.981000 -0.196000
-2579.625000 -1677.984985 -9395.579102 0.000000 0.990000 -0.142000
-2579.625000 -1673.223999 -9360.558594 0.000000 0.996000 -0.089000
-2579.625000 -1670.353027 -9325.330078 0.000000 0.999000 -0.044000
-2579.625000 -1669.350952 -9290.018555 0.000000 0.999000 -0.044000
