-2769.628906 -3999.351074 -19140.019531 0.000000 1.000000 -0.005000
-2769.628906 -3999.225098 -19113.820313 0.000000 1.000000 -0.012000
-2769.628906 -3998.516113 -19061.439453 0.000000 1.000000 -0.027000
-2769.628906 -3996.884033 -19009.080078 0.000000 0.999000 -0.045000
-2769.628906 -3994.304932 -18956.759766 0.000000 0.998000 -0.065000
-2769.628906 -3990.611084 -18904.509766 0.000000 0.996000 -0.086000
-2769.628906 -3985.822998 -18852.349609 0.000000 0.994000 -0.105000
-2769.628906 -3980.052002 -18800.279297 0.000000 0.993000 -0.122000
-2769.628906 -3973.438965 -18748.310547 0.000000 0.990000 -0.139000
-2769.628906 -3966.016113 -18696.460938 0.000000 0.987000 -0.159000
-2769.628906 -3957.417969 -18644.789063 0.000000 0.983000 -0.183000
-2769.628906 -3947.506104 -18593.359375 0.000000 0.978000 -0.209000
-2769.628906 -3936.556885 -18542.130859 0.000000 0.968000 -0.251000
-2769.628906 -3923.017090 -18491.589844 0.000000 0.954000 -0.299000
-2769.628906 -3914.589111 -18466.800781 0.000000 0.954000 -0.299000
-2769.628906 -3906.215088 -18441.939453 0.000000 0.976000 -0.217000
-2769.628906 -3900.916992 -18416.240234 0.000000 0.994000 -0.106000
-2769.628906 -3899.352051 -18390.050781 0.000000 0.994000 -0.106000
