124.2619 -4059.931 -22501.45 -0.022 0.999 0.043
161.22 -4059.656 -22501.09 -0.092 0.994 0.051
195.9339 -4056.163 -22500.54 -0.218 0.974 0.064
229.0281 -4047.919 -22499.54 -0.359 0.930 0.075
260.3591 -4035.076 -22497.83 -0.500 0.862 0.085
288.9634 -4017.667 -22495.12 -0.634 0.768 0.092
314.2295 -3995.809 -22491.17 -0.746 0.659 0.095
336.1205 -3970.007 -22486.15 -0.831 0.548 0.097
354.627 -3941.425 -22480.47 -0.897 0.431 0.097
369.0567 -3910.872 -22474.12 -0.949 0.301 0.095
378.9972 -3878.902 -22467.03 -0.983 0.160 0.090
384.1466 -3846.186 -22459.18 -0.997 0.009 0.082
384.1902 -3813.418 -22450.66 -0.987 -0.144 0.071
378.9806 -3780.973 -22441.79 -0.957 -0.285 0.061
369.1152 -3749.294 -22432.63 -0.910 -0.411 0.054
355.0638 -3719.086 -22423.26 -0.849 -0.526 0.047
337.2371 -3691.016 -22413.7 -0.772 -0.634 0.040
315.9258 -3665.783 -22403.97 -0.677 -0.736 0.032
291.4439 -3644.032 -22394.09 -0.562 -0.827 0.021
264.137 -3626.384 -22384.04 -0.431 -0.902 0.009
234.475 -3613.227 -22373.74 -0.294 -0.956 -0.001
202.9927 -3604.676 -22363.2 -0.159 -0.987 -0.011
170.3493 -3600.523 -22352.44 -0.030 -0.999 -0.019
137.3015 -3600.6 -22341.57 0.098 -0.995 -0.027
104.7182 -3604.873 -22330.79 0.232 -0.972 -0.037
73.43616 -3613.598 -22320.22 0.373 -0.926 -0.048
44.05081 -3627.074 -22309.91 0.509 -0.859 -0.060
16.8815 -3645.144 -22299.83 0.626 -0.776 -0.069
-7.755371 -3667.137 -22289.97 0.726 -0.684 -0.075
-29.2619 -3692.318 -22280.23 0.812 -0.578 -0.081
-47.05136 -3720.204 -22270.61 0.883 -0.461 -0.088
-60.79794 -3750.289 -22261.15 0.938 -0.333 -0.094
-70.1739 -3781.993 -22251.93 0.976 -0.195 -0.100
-74.90331 -3814.649 -22243.04 0.993 -0.050 -0.107
-74.67563 -3847.669 -22234.58 0.989 0.098 -0.112
-69.56934 -3880.499 -22226.79 0.964 0.242 -0.114
-59.75037 -3912.428 -22219.68 0.918 0.380 -0.115
-45.38885 -3942.769 -22213.26 0.854 0.508 -0.113
-26.79343 -3970.928 -22207.45 0.772 0.626 -0.110
-4.518158 -3996.2 -22202.21 0.670 0.735 -0.104
21.12177 -4017.776 -22198.04 0.547 0.832 -0.095
49.88934 -4035.146 -22195.2 0.411 0.908 -0.083
81.1913 -4048.076 -22193.4 0.271 0.960 -0.067
114.1815 -4056.381 -22192.32 0.150 0.987 -0.053
148.8132 -4059.863 -22191.72 0.150 0.987 -0.053
