-1729.996948 -2349.351074 -11954.629883 0.005000 1.000000 0.000000
-1756.192993 -2349.225098 -11954.629883 0.012000 1.000000 0.000000
-1808.576050 -2348.516113 -11954.629883 0.027000 1.000000 0.000000
-1860.933960 -2346.884033 -11954.629883 0.045000 0.999000 0.000000
-1913.254028 -2344.304932 -11954.629883 0.065000 0.998000 0.000000
-1965.505005 -2340.611084 -11954.629883 0.086000 0.996000 0.000000
-2017.668945 -2335.822998 -11954.629883 0.105000 0.994000 0.000000
-2069.733887 -2330.052002 -11954.629883 0.122000 0.993000 0.000000
-2121.702881 -2323.438965 -11954.629883 0.139000 0.990000 0.000000
-2173.556885 -2316.016113 -11954.629883 0.159000 0.987000 0.000000
-2225.226074 -2307.417969 -11954.629883 0.183000 0.983000 0.000000
-2276.658936 -2297.506104 -11954.629883 0.209000 0.978000 0.000000
-2327.883057 -2286.556885 -11954.629883 0.251000 0.968000 0.000000
-2378.427002 -2273.017090 -11954.629883 0.299000 0.954000 0.000000
-2403.216064 -2264.589111 -11954.629883 0.299000 0.954000 0.000000
-2428.075928 -2256.215088 -11954.629883 0.217000 0.976000 0.000000
-2453.780029 -2250.916992 -11954.629883 0.106000 0.994000 0.000000
-2479.960938 -2249.352051 -11954.629883 0.106000 0.994000 0.000000
