7994.003906 -2223.860107 4384.234863 0.305963 0.935163 0.178483
8034.889160 -2234.891113 4371.944824 0.294010 0.947393 0.126506
8074.921875 -2245.763184 4360.325684 0.295686 0.946040 0.132583
8114.118164 -2256.477783 4349.363770 0.297343 0.944577 0.139146
8152.494141 -2267.038086 4339.044922 0.298861 0.943077 0.145906
8190.066406 -2277.445801 4329.356445 0.300211 0.941600 0.152524
8226.849609 -2287.703857 4320.284180 0.301426 0.940068 0.159422
8262.859375 -2297.813965 4311.815430 0.302462 0.938542 0.166298
8298.112305 -2307.778809 4303.936523 0.303301 0.937032 0.173145
8332.624023 -2317.600342 4296.634277 0.304060 0.935382 0.180578
8366.407227 -2327.281250 4289.895996 0.304500 0.933909 0.187336
8399.479492 -2336.823242 4283.708496 0.304839 0.932272 0.194786
8431.854492 -2346.229004 4278.059082 0.304909 0.930755 0.201805
8463.546875 -2355.500244 4272.935059 0.304801 0.929133 0.209304
8494.572266 -2364.639404 4268.324219 0.304438 0.927674 0.216191
8524.944336 -2373.648682 4264.213379 0.303873 0.926133 0.223469
8554.677734 -2382.530273 4260.590332 0.303075 0.924576 0.230877
8583.786133 -2391.286133 4257.443359 0.302017 0.923235 0.237535
8612.284180 -2399.918213 4254.759766 0.300744 0.921731 0.244876
8640.185547 -2408.428955 4252.527832 0.299226 0.920461 0.251427
8667.503906 -2416.820068 4250.735352 0.297464 0.919021 0.258681
8694.251953 -2425.093750 4249.371094 0.295509 0.918001 0.264479
8720.445313 -2433.252197 4248.422363 0.293289 0.916775 0.271118
8746.095703 -2441.297119 4247.877930 0.290849 0.915686 0.277357
8771.216797 -2449.230469 4247.726563 0.288190 0.914646 0.283495
8795.822266 -2457.054688 4247.957031 0.285384 0.913811 0.288972
8819.922852 -2464.771240 4248.557617 0.282418 0.913192 0.293805
8843.534180 -2472.382080 4249.517090 0.279182 0.912340 0.299490
8866.666016 -2479.889648 4250.824219 0.275871 0.911883 0.303917
8889.333008 -2487.295166 4252.468750 0.272424 0.911497 0.308153
8911.546875 -2494.600586 4254.439453 0.268804 0.911092 0.312498
8933.319336 -2501.808350 4256.725586 0.265216 0.911016 0.315769
8954.662109 -2508.919678 4259.316406 0.261556 0.911034 0.318756
8975.587891 -2515.936768 4262.201172 0.257677 0.910984 0.322042
8996.107422 -2522.861084 4265.370117 0.254099 0.911417 0.323657
9016.234375 -2529.694824 4268.812500 0.250332 0.911720 0.325731
9035.977539 -2536.439453 4272.517578 0.246565 0.912177 0.327321
9055.350586 -2543.096680 4276.476563 0.242990 0.912808 0.328233
9074.362305 -2549.668457 4280.678223 0.239647 0.913728 0.328133
9093.026367 -2556.156250 4285.113281 0.236155 0.914501 0.328510
9111.351563 -2562.561768 4289.771484 0.232612 0.915240 0.328979
9129.348633 -2568.887207 4294.644043 0.230185 0.916797 0.326342
9147.029297 -2575.133301 4299.720215 0.226904 0.917701 0.326098
9164.404297 -2581.302490 4304.991699 0.224380 0.919044 0.324055
9181.482422 -2587.395996 4310.448242 0.222082 0.920471 0.321579
9198.275391 -2593.415527 4316.081055 0.219613 0.921707 0.319729
9214.791016 -2599.362549 4321.880859 0.218159 0.923435 0.315712
9231.041992 -2605.238770 4327.838867 0.216330 0.924844 0.312833
9247.036133 -2611.045654 4333.945801 0.214892 0.926361 0.309317
9262.783203 -2616.784668 4340.193359 0.213958 0.927990 0.305051
9278.291992 -2622.457275 4346.572266 0.213870 0.929866 0.299347
9293.574219 -2628.065186 4353.073730 0.212678 0.931157 0.296167
9308.636719 -2633.609863 4359.689941 0.212811 0.932869 0.290632
9323.489258 -2639.092529 4366.412598 0.213229 0.934541 0.284899
9338.140625 -2644.514648 4373.232910 0.213850 0.936145 0.279105
9352.599609 -2649.877686 4380.142578 0.214452 0.937624 0.273626
9366.875000 -2655.183105 4387.134277 0.216055 0.939262 0.266659
9380.975586 -2660.432373 4394.199219 0.216886 0.940557 0.261367
9394.908203 -2665.626709 4401.330078 0.218926 0.942058 0.254163
9408.681641 -2670.767090 4408.519043 0.221114 0.943442 0.247034
9422.304688 -2675.855469 4415.758301 0.222821 0.944611 0.240957
9435.784180 -2680.892822 4423.041016 0.226091 0.945968 0.232437
9449.128906 -2685.880371 4430.358887 0.228229 0.946982 0.226133
9462.344727 -2690.819580 4437.704590 0.231259 0.948048 0.218461
9475.440430 -2695.711670 4445.071777 0.234957 0.949088 0.209826
9488.423828 -2700.557617 4452.452637 0.237152 0.949824 0.203946
9501.299805 -2705.358887 4459.840820 0.241689 0.950715 0.194235
9514.077148 -2710.116455 4467.228516 0.244769 0.951360 0.187086
9526.762695 -2714.831787 4474.609863 0.248446 0.951954 0.179049
9539.362305 -2719.505859 4481.977539 0.251817 0.952449 0.171549
9551.882813 -2724.139648 4489.325684 0.255691 0.952868 0.163291
9564.331055 -2728.734619 4496.646973 0.258205 0.953198 0.157298
9576.712891 -2733.291504 4503.936035 0.260979 0.953470 0.150944
9589.034180 -2737.811768 4511.186035 0.264255 0.953695 0.143651
9601.301758 -2742.296143 4518.390625 0.267200 0.953864 0.136920
9613.520508 -2746.745850 4525.544922 0.272186 0.953892 0.126513
9625.697266 -2751.161621 4532.641602 0.275698 0.953894 0.118649
9637.835938 -2755.544922 4539.675781 0.280672 0.953713 0.107954
9649.943359 -2759.896484 4546.641113 0.284083 0.953582 0.099897
9662.023438 -2764.217285 4553.533203 0.289515 0.953133 0.087858
9674.083008 -2768.508301 4560.345215 0.293205 0.952801 0.078748
9686.125977 -2772.770264 4567.072266 0.297236 0.952327 0.068728
9698.157227 -2777.004395 4573.709473 0.301433 0.951719 0.058037
9710.180664 -2781.211426 4580.250977 0.305375 0.951055 0.047337
9722.203125 -2785.392334 4586.692383 0.308522 0.950462 0.037903
9734.226563 -2789.547852 4593.028809 0.312575 0.949536 0.026062
9746.256836 -2793.678955 4599.254883 0.315413 0.948814 0.016297
9758.296875 -2797.786377 4605.366211 0.318648 0.947860 0.005058
9770.351563 -2801.870850 4611.357910 0.321046 0.947051 -0.004925
9782.424805 -2805.933105 4617.226074 0.323750 0.946005 -0.016136
9794.519531 -2809.974365 4622.965820 0.325660 0.945123 -0.026231
9806.638672 -2813.994629 4628.572754 0.327856 0.943972 -0.037784
9818.788086 -2817.995361 4634.042969 0.329123 0.943083 -0.047681
9830.968750 -2821.976807 4639.372070 0.330077 0.942202 -0.057478
9843.183594 -2825.939697 4644.556641 0.331137 0.941092 -0.068516
9855.437500 -2829.884766 4649.592773 0.331827 0.940007 -0.079232
9867.731445 -2833.812988 4654.476074 0.331834 0.939127 -0.089030
9880.069336 -2837.724365 4659.203125 0.331511 0.938294 -0.098515
9892.453125 -2841.620117 4663.770996 0.331094 0.937303 -0.108809
9904.885742 -2845.500488 4668.175781 0.330147 0.936498 -0.118212
9917.368164 -2849.365967 4672.414063 0.329053 0.935569 -0.128197
9929.903320 -2853.217285 4676.482422 0.327339 0.934940 -0.136877
9942.494141 -2857.055176 4680.378418 0.325429 0.934281 -0.145655
9955.139648 -2860.879883 4684.098633 0.323211 0.933632 -0.154484
9967.844727 -2864.692139 4687.640625 0.320736 0.933009 -0.163163
9980.608398 -2868.492188 4691.000977 0.317866 0.932544 -0.171242
9993.433594 -2872.280518 4694.177246 0.314704 0.932177 -0.178908
10006.321289 -2876.057617 4697.166992 0.311356 0.931813 -0.186502
10019.271484 -2879.824219 4699.967773 0.307682 0.931577 -0.193638
10032.286133 -2883.580322 4702.577148 0.303832 0.931327 -0.200789
10045.365234 -2887.326416 4704.992676 0.299645 0.931412 -0.206603
10058.510742 -2891.062988 4707.212891 0.295415 0.931124 -0.213862
10071.722656 -2894.790283 4709.234863 0.290885 0.931337 -0.219082
10085.000000 -2898.508545 4711.057129 0.286230 0.931510 -0.224414
10098.344727 -2902.218506 4712.678223 0.281458 0.931513 -0.230357
10111.755859 -2905.920166 4714.095703 0.276491 0.932010 -0.234327
10125.234375 -2909.613770 4715.308594 0.271454 0.932190 -0.239447
10138.779297 -2913.299561 4716.314941 0.266351 0.932658 -0.243322
10152.389648 -2916.978027 4717.113770 0.261132 0.933138 -0.247110
10166.066406 -2920.649170 4717.703613 0.255854 0.933511 -0.251190
10179.807617 -2924.313232 4718.083008 0.250592 0.934278 -0.253629
10193.613281 -2927.970459 4718.251465 0.245277 0.934824 -0.256794
10207.481445 -2931.621094 4718.208008 0.239883 0.935357 -0.259928
10221.412109 -2935.265137 4717.951172 0.234630 0.936279 -0.261399
10235.404297 -2938.902832 4717.480957 0.229180 0.936739 -0.264568
10249.456055 -2942.534180 4716.795898 0.224026 0.937751 -0.265398
10263.565430 -2946.159424 4715.896484 0.218624 0.938331 -0.267842
10277.732422 -2949.778564 4714.781250 0.213456 0.939174 -0.269051
10291.952148 -2953.391602 4713.450684 0.208336 0.940106 -0.269808
10306.225586 -2956.998535 4711.904297 0.203184 0.940870 -0.271072
10320.549805 -2960.599609 4710.142090 0.198115 0.941685 -0.271994
10334.921875 -2964.194580 4708.164063 0.193097 0.942478 -0.272852
10349.339844 -2967.783691 4705.970215 0.188307 0.943468 -0.272780
10363.801758 -2971.366699 4703.561035 0.183322 0.944147 -0.273824
10378.304688 -2974.943848 4700.936523 0.178666 0.945085 -0.273665
10392.844727 -2978.514648 4698.097656 0.173876 0.945832 -0.274168
10407.419922 -2982.079102 4695.044434 0.169263 0.946656 -0.274213
10422.028320 -2985.637451 4691.777344 0.164716 0.947439 -0.274276
10436.664063 -2989.189209 4688.297852 0.160537 0.948448 -0.273264
10451.326172 -2992.734375 4684.606934 0.155517 0.948750 -0.275116
10466.008789 -2996.272705 4680.704590 0.151813 0.949944 -0.273054
10480.710938 -2999.804199 4676.592773 0.147050 0.950308 -0.274392
10495.425781 -3003.328613 4672.272461 0.143396 0.951383 -0.272595
10510.152344 -3006.845459 4667.745117 0.138556 0.951626 -0.274246
10524.884766 -3010.354736 4663.011230 0.135024 0.952592 -0.272650
10539.619141 -3013.856445 4658.073730 0.130758 0.953097 -0.272963
10554.350586 -3017.349609 4652.933594 0.126821 0.953729 -0.272612
10569.076172 -3020.834473 4647.592285 0.122444 0.954058 -0.273460
10583.789063 -3024.310791 4642.051758 0.119182 0.954954 -0.271769
10598.486328 -3027.777832 4636.314453 0.114938 0.955275 -0.272468
10613.162109 -3031.235596 4630.382324 0.110561 0.955510 -0.273455
10627.810547 -3034.683594 4624.256836 0.107795 0.956493 -0.271110
10642.428711 -3038.121094 4617.941406 0.102706 0.956318 -0.273693
10657.008789 -3041.548340 4611.437500 0.099000 0.956776 -0.273457
10671.545898 -3044.964600 4604.747559 0.095668 0.957360 -0.272598
10686.035156 -3048.369385 4597.875000 0.091054 0.957359 -0.274175
10700.469727 -3051.762207 4590.821777 0.087589 0.957820 -0.273694
10714.844727 -3055.142822 4583.591309 0.083138 0.957855 -0.274960
10729.153320 -3058.510498 4576.186035 0.078997 0.957995 -0.275689
10743.388672 -3061.864746 4568.609375 0.074540 0.957993 -0.276937
10757.544922 -3065.205322 4560.863770 0.071537 0.958557 -0.275773
10771.617188 -3068.531250 4552.953613 0.065308 0.957850 -0.279747
10785.595703 -3071.842041 4544.880859 0.062293 0.958369 -0.278653
10799.477539 -3075.137695 4536.649414 0.057113 0.958066 -0.280798
10813.253906 -3078.416992 4528.262695 0.052525 0.957986 -0.281965
10826.920898 -3081.679932 4519.722656 0.047763 0.957834 -0.283325
10840.470703 -3084.925781 4511.033691 0.043031 0.957701 -0.284531
10853.899414 -3088.154297 4502.197754 0.037847 0.957409 -0.286243
10867.200195 -3091.364746 4493.218262 0.033203 0.957311 -0.287145
10880.368164 -3094.556885 4484.098633 0.026976 0.956665 -0.289939
10893.397461 -3097.730225 4474.840332 0.022729 0.956736 -0.290068
10906.283203 -3100.884033 4465.447754 0.016620 0.956143 -0.292429
10919.020508 -3104.018555 4455.922852 0.010840 0.955696 -0.294157
10931.603516 -3107.132813 4446.268555 0.005601 0.955449 -0.295103
10944.028320 -3110.226563 4436.487793 0.000224 0.955163 -0.296080
10956.291016 -3113.299561 4426.583496 -0.007729 0.954003 -0.299696
10968.384766 -3116.351318 4416.557129 -0.012390 0.954006 -0.299532
10980.306641 -3119.381592 4406.412598 -0.018874 0.953390 -0.301149
10992.052734 -3122.390137 4396.151855 -0.025056 0.952912 -0.302211
11003.619141 -3125.376221 4385.777344 -0.032856 0.951873 -0.304725
11015.000000 -3128.340088 4375.291992 -0.039218 0.951368 -0.305550
11026.192383 -3131.281250 4364.697754 -0.045180 0.951024 -0.305797
11037.193359 -3134.199219 4353.997559 -0.052674 0.950173 -0.307240
11047.999023 -3137.093750 4343.193359 -0.060936 0.949071 -0.309114
11058.604492 -3139.964844 4332.287598 -0.066203 0.949046 -0.308105
11069.008789 -3142.811768 4321.282715 -0.075424 0.947652 -0.310271
11079.207031 -3145.635010 4310.180664 -0.082494 0.947044 -0.310327
11089.196289 -3148.433838 4298.983887 -0.089628 0.946432 -0.310216
11098.974609 -3151.208252 4287.694336 -0.098094 0.945376 -0.310871
11108.538086 -3153.958008 4276.314453 -0.105301 0.944794 -0.310283
11117.884766 -3156.682617 4264.846191 -0.113886 0.943740 -0.310459
11127.011719 -3159.382324 4253.291504 -0.121643 0.942995 -0.309781
11135.916992 -3162.057129 4241.652344 -0.130006 0.942072 -0.309192
11144.597656 -3164.706299 4229.930664 -0.137293 0.941536 -0.307670
11153.052734 -3167.330078 4218.128418 -0.145946 0.940535 -0.306748
11161.279297 -3169.928223 4206.248047 -0.154888 0.939444 -0.305703
11169.275391 -3172.500977 4194.290527 -0.162721 0.938768 -0.303704
11177.039063 -3175.047852 4182.258301 -0.169465 0.938487 -0.300873
11184.570313 -3177.568848 4170.152832 -0.178965 0.937233 -0.299276
11191.866211 -3180.063965 4157.976074 -0.185829 0.936932 -0.296016
11198.926758 -3182.532959 4145.729004 -0.195388 0.935664 -0.293864
11205.749023 -3184.976074 4133.414063 -0.201997 0.935457 -0.290028
11212.333008 -3187.393066 4121.032715 -0.208828 0.935159 -0.286128
11218.678711 -3189.784180 4108.586426 -0.218737 0.933758 -0.283285
11224.783203 -3192.149414 4096.076660 -0.223876 0.934067 -0.278205
11230.647461 -3194.488281 4083.504883 -0.231669 0.933399 -0.274035
11236.270508 -3196.801270 4070.872803 -0.238182 0.933176 -0.269169
11241.652344 -3199.088379 4058.181396 -0.246708 0.932217 -0.264777
11246.791016 -3201.349609 4045.432129 -0.249189 0.933387 -0.258252
11251.689453 -3203.584961 4032.626465 -0.259834 0.931625 -0.254090
11256.343750 -3205.794434 4019.765869 -0.259762 0.933634 -0.246680
11260.758789 -3207.978271 4006.851318 -0.270002 0.931963 -0.241959
11264.930664 -3210.136230 3993.884033 -0.272262 0.933061 -0.235099
11268.862305 -3212.269287 3980.865234 -0.276837 0.933308 -0.228687
11272.553711 -3214.376709 3967.795898 -0.281965 0.933312 -0.222319
11276.004883 -3216.458984 3954.677246 -0.283979 0.934352 -0.215271
11279.217773 -3218.516113 3941.510254 -0.289678 0.934063 -0.208839
11282.191406 -3220.548340 3928.296143 -0.288877 0.935949 -0.201368
11284.929688 -3222.556152 3915.035645 -0.293517 0.935923 -0.194667
11287.431641 -3224.539063 3901.729736 -0.293698 0.937340 -0.187445
11289.700195 -3226.498047 3888.379150 -0.296407 0.937851 -0.180496
11291.735352 -3228.432617 3874.985107 -0.296977 0.939012 -0.173382
11293.539063 -3230.343262 3861.547852 -0.294438 0.941108 -0.166196
11295.115234 -3232.230469 3848.068848 -0.299524 0.940660 -0.159515
11296.461914 -3234.094482 3834.548096 -0.294566 0.943399 -0.152413
11297.583984 -3235.935059 3820.986816 -0.292861 0.944988 -0.145703
11298.484375 -3237.753174 3807.385254 -0.295374 0.945204 -0.139083
11299.162109 -3239.548584 3793.744385 -0.288742 0.948175 -0.132632
11299.623047 -3241.321777 3780.064453 -0.289743 0.948739 -0.126269
11299.867188 -3243.072998 3766.346191 -0.285305 0.950868 -0.120213
11299.898438 -3244.802734 3752.590088 -0.281783 0.952641 -0.114344
11299.719727 -3246.511230 3738.796387 -0.278076 0.954390 -0.108690
11299.333984 -3248.198730 3724.965576 -0.275864 0.955647 -0.103141
11298.743164 -3249.865967 3711.098145 -0.268894 0.958151 -0.098198
11297.952148 -3251.512939 3697.194092 -0.264854 0.959769 -0.093254
11296.963867 -3253.140137 3683.253906 -0.260811 0.961321 -0.088545
11295.781250 -3254.748291 3669.277832 -0.253505 0.963639 -0.084465
11294.409180 -3256.337402 3655.266113 -0.249201 0.965119 -0.080272
11292.850586 -3257.908203 3641.218750 -0.244522 0.966635 -0.076329
11291.108398 -3259.460938 3627.135986 -0.235884 0.969015 -0.073274
11289.188477 -3260.995850 3613.018066 -0.231488 0.970329 -0.069815
11287.093750 -3262.513916 3598.864746 -0.222750 0.972544 -0.067378
11284.830078 -3264.015381 3584.676025 -0.218033 0.973811 -0.064447
11282.400391 -3265.500732 3570.451904 -0.209653 0.975775 -0.062512
11279.810547 -3266.970703 3556.192383 -0.204540 0.977011 -0.060109
11277.063477 -3268.425293 3541.897217 -0.195137 0.979004 -0.058932
11274.166016 -3269.865479 3527.566406 -0.190409 0.980052 -0.056940
11271.121094 -3271.291748 3513.199707 -0.179412 0.982140 -0.056673
11267.936523 -3272.704590 3498.796631 -0.174865 0.983050 -0.055085
11264.615234 -3274.104492 3484.357178 -0.165600 0.984662 -0.054927
11261.164063 -3275.492432 3469.880859 -0.159618 0.985694 -0.054125
11257.586914 -3276.868652 3455.367188 -0.149285 0.987280 -0.054703
11253.891602 -3278.233643 3440.816406 -0.143668 0.988138 -0.054243
11250.082031 -3279.588379 3426.227295 -0.133322 0.989530 -0.055277
11246.166016 -3280.933105 3411.599854 -0.128207 0.990217 -0.055068
11242.147461 -3282.269043 3396.933350 -0.117758 0.991432 -0.056535
11238.034180 -3283.596191 3382.227295 -0.110606 0.992212 -0.057286
11233.832031 -3284.916016 3367.480957 -0.101582 0.993093 -0.058716
11229.547852 -3286.228516 3352.693848 -0.094324 0.993744 -0.059796
11225.187500 -3287.534668 3337.865234 -0.084604 0.994498 -0.061777
11220.758789 -3288.835205 3322.994141 -0.077553 0.994991 -0.063071
11216.267578 -3290.130615 3308.080566 -0.069077 0.995494 -0.064955
11211.720703 -3291.422119 3293.122559 -0.058685 0.995990 -0.067529
11207.126953 -3292.709961 3278.120117 -0.051703 0.996265 -0.069160
11202.492188 -3293.995117 3263.072021 -0.042783 0.996523 -0.071501
11197.824219 -3295.278564 3247.977539 -0.034868 0.996679 -0.073590
11193.129883 -3296.560791 3232.835693 -0.025780 0.996765 -0.076124
11188.417969 -3297.842773 3217.645264 -0.018731 0.996771 -0.078077
11183.696289 -3299.125244 3202.405273 -0.010403 0.996703 -0.080462
11178.971680 -3300.408936 3187.114746 0.002247 0.996444 -0.084223
11174.253906 -3301.695068 3171.772705 0.010088 0.996201 -0.086496
11169.548828 -3302.984131 3156.377441 0.023815 0.995608 -0.090541
11164.867188 -3304.277100 3140.928223 0.034184 0.995028 -0.093546
11160.216797 -3305.574951 3125.423828 0.044472 0.994342 -0.096468
11155.605469 -3306.878418 3109.862549 0.057042 0.993353 -0.099980
11151.042969 -3308.188477 3094.243408 0.067474 0.992412 -0.102793
11146.537109 -3309.506104 3078.564697 0.079927 0.991142 -0.106058
11142.097656 -3310.832275 3062.825684 0.092542 0.989703 -0.109197
11137.734375 -3312.167725 3047.024170 0.102983 0.988399 -0.111630
11133.455078 -3313.513672 3031.158936 0.116701 0.986520 -0.114715
11129.270508 -3314.871094 3015.228516 0.127693 0.984902 -0.116886
11125.189453 -3316.240479 2999.231445 0.141874 0.982632 -0.119608
11121.222656 -3317.623291 2983.165771 0.153156 0.980716 -0.121407
11117.378906 -3319.020508 2967.030273 0.165685 0.978451 -0.123217
11113.667969 -3320.433105 2950.822998 0.177946 0.976112 -0.124658
11110.099609 -3321.861816 2934.541992 0.194215 0.972761 -0.126560
11106.686523 -3323.308350 2918.186035 0.203894 0.970739 -0.126856
11103.436523 -3324.773193 2901.752930 0.218501 0.967450 -0.127665
11100.361328 -3326.257568 2885.240967 0.230759 0.964595 -0.127699
11097.470703 -3327.762695 2868.648193 0.246004 0.960819 -0.127709
11094.777344 -3329.289551 2851.972656 0.256803 0.958122 -0.126707
11092.290039 -3330.839355 2835.212402 0.271608 0.954163 -0.125706
11090.021484 -3332.413086 2818.365479 0.281775 0.951464 -0.123770
11087.980469 -3334.011719 2801.429688 0.298736 0.946517 -0.121911
11086.181641 -3335.636963 2784.403320 0.307032 0.944239 -0.118927
11084.632813 -3337.289551 2767.283691 0.322819 0.939348 -0.115817
11083.348633 -3338.970703 2750.069092 0.333894 0.935939 -0.111955
11082.339844 -3340.681641 2732.757080 0.344491 0.932603 -0.107600
11081.617188 -3342.423584 2715.345459 0.357837 0.928122 -0.102673
11081.194336 -3344.197998 2697.831787 0.366970 0.925134 -0.097260
11081.082031 -3346.005615 2680.214111 0.379159 0.920827 -0.091190
11081.293945 -3347.848145 2662.489502 0.387994 0.917758 -0.084736
11081.841797 -3349.726318 2644.656006 0.396765 0.914615 -0.077831
11082.737305 -3351.641846 2626.711182 0.406259 0.911049 -0.070307
11083.994141 -3353.595947 2608.652100 0.413099 0.908530 -0.062623
11085.624023 -3355.589844 2590.476563 0.420757 0.905545 -0.054333
11087.640625 -3357.624512 2572.182129 0.428914 0.902201 -0.045456
11090.058594 -3359.701904 2553.765869 0.431950 0.901132 -0.037158
11092.888672 -3361.822998 2535.225098 0.437135 0.898958 -0.028077
11096.144531 -3363.989258 2516.557617 0.440812 0.897399 -0.018964
11099.839844 -3366.201660 2497.760254 0.445744 0.895114 -0.009160
11103.990234 -3368.462158 2478.830078 0.445175 0.895443 -0.000685
11108.606445 -3370.771729 2459.764648 0.447035 0.894474 0.008714
11113.703125 -3373.131836 2440.561035 0.448619 0.893536 0.018285
11119.295898 -3375.543945 2421.216309 0.446870 0.894198 0.026790
11125.397461 -3378.009277 2401.727539 0.446009 0.894317 0.035683
11132.022461 -3380.529785 2382.091553 0.443800 0.895040 0.044110
11139.185547 -3383.106445 2362.305420 0.440353 0.896320 0.051963
11146.900391 -3385.740723 2342.366211 0.438172 0.896860 0.060397
11155.183594 -3388.434326 2322.270996 0.395658 0.918398 0.000000
