21547.611328 -3154.726318 -6205.396973 -0.283968 0.867436 0.408554
21573.103516 -3129.475342 -6241.291016 -0.227924 0.863132 0.450616
21598.234375 -3104.647461 -6276.136230 -0.231209 0.861400 0.452252
21623.009766 -3080.242676 -6309.953613 -0.234495 0.859698 0.453796
21647.435547 -3056.260986 -6342.764160 -0.237371 0.857996 0.455519
21671.519531 -3032.701904 -6374.588867 -0.240655 0.856369 0.456855
21695.267578 -3009.565186 -6405.448730 -0.243208 0.854717 0.458595
21718.687500 -2986.850830 -6435.362793 -0.246060 0.853147 0.459994
21741.787109 -2964.558105 -6464.352539 -0.249414 0.851668 0.460927
21764.570313 -2942.686768 -6492.436523 -0.252013 0.850180 0.462259
21787.044922 -2921.236328 -6519.635254 -0.254389 0.848728 0.463624
21809.218750 -2900.205811 -6545.967773 -0.257642 0.847435 0.464193
21831.095703 -2879.594727 -6571.453125 -0.259700 0.846085 0.465507
21852.683594 -2859.402588 -6596.109863 -0.262346 0.844887 0.466198
21873.988281 -2839.628418 -6619.957520 -0.264698 0.843731 0.466962
21895.015625 -2820.270996 -6643.014160 -0.267327 0.842705 0.467316
21915.769531 -2801.330078 -6665.297852 -0.268294 0.841556 0.468830
21936.259766 -2782.803955 -6686.826660 -0.270522 0.840685 0.469113
21956.490234 -2764.692139 -6707.618164 -0.272230 0.839848 0.469624
21976.466797 -2746.992920 -6727.690430 -0.273234 0.839013 0.470532
21996.195313 -2729.705566 -6747.059570 -0.274450 0.838337 0.471030
22015.681641 -2712.828369 -6765.743652 -0.275641 0.837784 0.471318
22034.929688 -2696.360352 -6783.759277 -0.276031 0.837219 0.472092
22053.945313 -2680.299805 -6801.123047 -0.275808 0.836672 0.473192
22072.734375 -2664.645508 -6817.850586 -0.275540 0.836263 0.474069
22091.302734 -2649.395752 -6833.958984 -0.275315 0.836001 0.474662
22109.654297 -2634.548828 -6849.463867 -0.273882 0.835616 0.476167
22127.794922 -2620.103027 -6864.380371 -0.272695 0.835449 0.477140
22145.728516 -2606.057129 -6878.724609 -0.270396 0.835129 0.479005
22163.460938 -2592.408447 -6892.510742 -0.268935 0.835197 0.479707
22180.994141 -2579.155762 -6905.754883 -0.263841 0.834388 0.483926
22198.337891 -2566.296631 -6918.470703 -0.262050 0.834687 0.484384
22215.492188 -2553.829346 -6930.673828 -0.256181 0.833828 0.488981
22232.464844 -2541.751709 -6942.376953 -0.253352 0.834111 0.489972
22249.255859 -2530.061523 -6953.595703 -0.245268 0.832626 0.496566
22265.875000 -2518.756592 -6964.342773 -0.240825 0.832569 0.498831
22282.322266 -2507.834473 -6974.631836 -0.233166 0.831320 0.504521
22298.603516 -2497.292969 -6984.477051 -0.225324 0.829981 0.510256
22314.722656 -2487.129639 -6993.890625 -0.216826 0.828323 0.516592
22330.683594 -2477.342041 -7002.885254 -0.207930 0.826431 0.523236
22346.490234 -2467.927246 -7011.474121 -0.198705 0.824295 0.530145
22362.144531 -2458.882813 -7019.669434 -0.187079 0.820621 0.539983
22377.652344 -2450.206055 -7027.482910 -0.175928 0.817014 0.549124
22393.017578 -2441.894043 -7034.927246 -0.164546 0.812990 0.558545
22408.242188 -2433.944092 -7042.013672 -0.150930 0.807010 0.570924
22423.332031 -2426.353516 -7048.753906 -0.139728 0.802409 0.580186
22438.287109 -2419.118652 -7055.158203 -0.125904 0.795251 0.593063
22453.111328 -2412.237061 -7061.238770 -0.111247 0.786605 0.607352
22467.810547 -2405.705322 -7067.005859 -0.098564 0.779132 0.619063
22482.384766 -2399.520264 -7072.469727 -0.084256 0.769212 0.633415
22496.837891 -2393.678711 -7077.641113 -0.070497 0.758940 0.647333
22511.171875 -2388.177490 -7082.529785 -0.056072 0.746710 0.662782
22525.392578 -2383.012695 -7087.145508 -0.043365 0.735613 0.676013
22539.500000 -2378.181152 -7091.498047 -0.029640 0.721779 0.691489
22553.498047 -2373.679688 -7095.596680 -0.017806 0.709484 0.704497
22567.388672 -2369.504150 -7099.450684 -0.005882 0.695584 0.718421
22581.173828 -2365.651123 -7103.068359 0.004870 0.682385 0.730977
22594.855469 -2362.116699 -7106.458984 0.015562 0.667652 0.744310
22608.437500 -2358.897217 -7109.630859 0.024839 0.654305 0.755823
22621.921875 -2355.988770 -7112.591797 0.033403 0.641120 0.766713
22635.310547 -2353.387695 -7115.350098 0.040301 0.631010 0.774727
22648.603516 -2351.089355 -7117.913574 0.047555 0.618208 0.784574
22661.804688 -2349.090088 -7120.289063 0.053452 0.608565 0.791702
22674.916016 -2347.385742 -7122.484375 0.058630 0.600688 0.797331
22687.937500 -2345.972168 -7124.506836 0.063293 0.593843 0.802087
22700.873047 -2344.844727 -7126.362305 0.067615 0.588507 0.805660
22713.722656 -2343.999512 -7128.058105 0.071418 0.586328 0.806919
22726.488281 -2343.431641 -7129.600586 0.075278 0.584306 0.808035
22739.169922 -2343.136963 -7130.995117 0.079032 0.585138 0.807074
22751.771484 -2343.110840 -7132.248047 0.082944 0.587811 0.804735
22764.291016 -2343.348633 -7133.364746 0.087165 0.592298 0.800991
22776.732422 -2343.845703 -7134.351074 0.091769 0.598049 0.796188
22789.095703 -2344.597412 -7135.211426 0.096982 0.606593 0.789075
22801.380859 -2345.598633 -7135.951660 0.102792 0.616431 0.780671
22813.589844 -2346.844238 -7136.575684 0.109229 0.625502 0.772539
22825.724609 -2348.330078 -7137.088379 0.116622 0.638236 0.760956
22837.783203 -2350.050293 -7137.493652 0.124612 0.649519 0.750065
22849.767578 -2352.000488 -7137.795898 0.133640 0.663338 0.736290
22861.677734 -2354.175049 -7137.998535 0.143285 0.676333 0.722525
22873.513672 -2356.568848 -7138.104980 0.153990 0.690843 0.706415
22885.277344 -2359.176514 -7138.119141 0.164939 0.703340 0.691454
22896.966797 -2361.992676 -7138.042969 0.177084 0.717528 0.673643
22908.583984 -2365.011963 -7137.880859 0.189136 0.729146 0.657703
22920.126953 -2368.229004 -7137.633789 0.202713 0.743583 0.637175
22931.597656 -2371.637695 -7137.305176 0.215668 0.754140 0.620291
22942.996094 -2375.233154 -7136.896973 0.229208 0.764903 0.601986
22954.320313 -2379.009277 -7136.410645 0.243304 0.775737 0.582268
22965.570313 -2382.959961 -7135.848145 0.256799 0.783883 0.565316
22976.746094 -2387.080322 -7135.211426 0.271655 0.794172 0.543594
22987.849609 -2391.364014 -7134.501953 0.284310 0.798967 0.529923
22998.876953 -2395.805908 -7133.721191 0.298670 0.806446 0.510335
23009.830078 -2400.400391 -7132.871094 0.311731 0.810902 0.495239
23020.707031 -2405.142090 -7131.953613 0.325461 0.816110 0.477536
23031.509766 -2410.025879 -7130.969727 0.338755 0.820199 0.460997
23042.238281 -2415.046143 -7129.921387 0.350935 0.822261 0.448030
23052.890625 -2420.197754 -7128.810547 0.363186 0.824271 0.434366
23063.466797 -2425.475830 -7127.637695 0.375390 0.825986 0.420512
23073.966797 -2430.875244 -7126.405273 0.387395 0.827309 0.406799
23084.390625 -2436.390625 -7125.115234 0.398998 0.828131 0.393701
23094.740234 -2442.017578 -7123.768066 0.409056 0.827130 0.385394
23105.011719 -2447.750732 -7122.365723 0.419994 0.827027 0.373672
23115.207031 -2453.585938 -7120.910156 0.430518 0.826589 0.362499
23125.326172 -2459.517822 -7119.401855 0.440778 0.825880 0.351621
23135.371094 -2465.542236 -7117.843750 0.449028 0.823459 0.346827
23145.337891 -2471.654297 -7116.235840 0.458148 0.821788 0.338771
23155.226563 -2477.849609 -7114.580566 0.468229 0.821039 0.326583
23165.041016 -2484.123535 -7112.878906 0.475069 0.817865 0.324664
23174.777344 -2490.472168 -7111.132813 0.484602 0.816804 0.313037
23184.439453 -2496.890625 -7109.342773 0.490716 0.813449 0.312248
23194.023438 -2503.375244 -7107.511230 0.498941 0.811595 0.303927
23203.531250 -2509.921387 -7105.639160 0.505697 0.808977 0.299712
23212.962891 -2516.525391 -7103.727539 0.512650 0.806606 0.294238
23222.318359 -2523.182617 -7101.777832 0.518813 0.803897 0.290831
23231.597656 -2529.889648 -7099.791992 0.524852 0.801268 0.287230
23240.800781 -2536.642578 -7097.770508 0.530837 0.798729 0.283275
23249.927734 -2543.437256 -7095.715332 0.536289 0.796076 0.280457
23258.978516 -2550.270020 -7093.627441 0.542092 0.793725 0.275928
23267.955078 -2557.137451 -7091.508301 0.546541 0.790913 0.275227
23276.855469 -2564.035645 -7089.359375 0.551273 0.788346 0.273148
23285.679688 -2570.960938 -7087.181152 0.556372 0.786050 0.269398
23294.429688 -2577.910156 -7084.975586 0.560600 0.783585 0.267810
23303.105469 -2584.879883 -7082.743652 0.564065 0.780954 0.268219
23311.705078 -2591.866455 -7080.486328 0.568471 0.778753 0.265300
23320.230469 -2598.866943 -7078.205078 0.572854 0.776718 0.261816
23328.683594 -2605.877930 -7075.901367 0.574795 0.774015 0.265541
23337.060547 -2612.896484 -7073.576172 0.579525 0.772263 0.260308
23345.365234 -2619.919189 -7071.230469 0.581699 0.769936 0.262343
23353.595703 -2626.943359 -7068.865234 0.585301 0.768109 0.259675
23361.753906 -2633.965820 -7066.481445 0.587984 0.766162 0.259365
23369.839844 -2640.983887 -7064.081055 0.590455 0.764291 0.259272
23377.853516 -2647.994629 -7061.664551 0.591990 0.762258 0.261746
23385.792969 -2654.995605 -7059.232910 0.595745 0.760836 0.257325
23393.662109 -2661.984131 -7056.788086 0.597789 0.759268 0.257218
23401.460938 -2668.957031 -7054.330078 0.598723 0.757518 0.260186
23409.187500 -2675.912354 -7051.859863 0.602093 0.756353 0.255760
23416.845703 -2682.847412 -7049.379395 0.601954 0.754639 0.261096
23424.431641 -2689.760254 -7046.888672 0.606076 0.753799 0.253886
23431.951172 -2696.647705 -7044.390137 0.604641 0.752137 0.262105
23439.398438 -2703.508301 -7041.882813 0.608355 0.751365 0.255647
23446.779297 -2710.339600 -7039.369141 0.608022 0.750099 0.260116
23454.089844 -2717.139160 -7036.849609 0.610915 0.749438 0.255196
23461.335938 -2723.905518 -7034.325195 0.609713 0.748238 0.261514
23468.511719 -2730.636475 -7031.796875 0.612496 0.747718 0.256450
23475.623047 -2737.330078 -7029.265137 0.612554 0.746952 0.258533
23482.667969 -2743.984375 -7026.731445 0.613630 0.746419 0.257521
23489.648438 -2750.597656 -7024.196289 0.613312 0.745756 0.260185
23496.562500 -2757.168457 -7021.660645 0.614935 0.745478 0.257134
23503.414063 -2763.694824 -7019.125000 0.614700 0.745023 0.259007
23510.201172 -2770.175537 -7016.591309 0.614520 0.744669 0.260448
23516.923828 -2776.608887 -7014.059082 0.615984 0.744621 0.257104
23523.585938 -2782.993408 -7011.529785 0.615174 0.744445 0.259542
23530.185547 -2789.327637 -7009.003906 0.615564 0.744431 0.258657
23536.724609 -2795.610840 -7006.482422 0.615459 0.744471 0.258790
23543.203125 -2801.841309 -7003.966309 0.615536 0.744667 0.258044
23549.623047 -2808.017822 -7001.456055 0.614919 0.744875 0.258914
23555.984375 -2814.139648 -6998.952148 0.614219 0.745035 0.260111
23562.285156 -2820.205566 -6996.456055 0.614515 0.745566 0.257881
23568.531250 -2826.214600 -6993.967285 0.613426 0.745888 0.259536
23574.718750 -2832.166016 -6991.487793 0.613052 0.746472 0.258742
23580.851563 -2838.059082 -6989.017090 0.612671 0.747095 0.257845
23586.929688 -2843.892578 -6986.557129 0.611009 0.747622 0.260248
23592.951172 -2849.666504 -6984.107422 0.611094 0.748524 0.257441
23598.921875 -2855.379639 -6981.668945 0.609628 0.749208 0.258922
23604.837891 -2861.031982 -6979.242676 0.608909 0.750149 0.257888
23610.703125 -2866.622803 -6976.828613 0.607877 0.751111 0.257521
23616.517578 -2872.151611 -6974.427734 0.606690 0.752079 0.257496
23622.281250 -2877.618408 -6972.040527 0.605855 0.753293 0.255908
23627.998047 -2883.022461 -6969.667480 0.604123 0.754302 0.257029
23633.664063 -2888.364014 -6967.309082 0.603477 0.755528 0.254939
23639.283203 -2893.642822 -6964.966309 0.602145 0.756881 0.254074
23644.857422 -2898.858643 -6962.639160 0.600541 0.758133 0.254136
23650.384766 -2904.011719 -6960.328125 0.599758 0.759585 0.251638
23655.869141 -2909.102051 -6958.034180 0.597935 0.760960 0.251818
23661.308594 -2914.129639 -6955.757324 0.597117 0.762522 0.249022
23666.707031 -2919.094727 -6953.498535 0.595043 0.764020 0.249392
23672.062500 -2923.997314 -6951.257324 0.594154 0.765596 0.246666
23677.376953 -2928.837646 -6949.035156 0.592663 0.767313 0.244909
23682.652344 -2933.615479 -6946.832031 0.591113 0.769001 0.243358
23687.888672 -2938.331543 -6944.648438 0.589937 0.770825 0.240423
23693.087891 -2942.985352 -6942.485352 0.587717 0.772564 0.240280
23698.248047 -2947.577393 -6940.342285 0.586760 0.774500 0.236351
23703.373047 -2952.107666 -6938.220215 0.584862 0.776334 0.235037
23708.460938 -2956.576660 -6936.119629 0.583433 0.778425 0.231648
23713.515625 -2960.983887 -6934.040527 0.582086 0.780464 0.228149
23718.537109 -2965.330078 -6931.984375 0.579445 0.782478 0.227974
23723.523438 -2969.615234 -6929.950195 0.578374 0.784549 0.223530
23728.476563 -2973.839600 -6927.939453 0.576816 0.786860 0.219397
23733.400391 -2978.003174 -6925.952148 0.574390 0.788982 0.218136
23738.291016 -2982.106445 -6923.988770 0.573013 0.791317 0.213244
23743.152344 -2986.149170 -6922.049805 0.571045 0.793640 0.209863
23747.984375 -2990.132080 -6920.135742 0.568810 0.795898 0.207367
23752.785156 -2994.055176 -6918.247070 0.567314 0.798459 0.201539
23757.560547 -2997.918457 -6916.383789 0.564353 0.800878 0.200247
23762.306641 -3001.722412 -6914.545898 0.563266 0.803299 0.193500
23767.025391 -3005.467285 -6912.735352 0.560363 0.805835 0.191373
23771.716797 -3009.153320 -6910.951172 0.558555 0.808535 0.185166
23776.384766 -3012.780518 -6909.193848 0.555943 0.811049 0.182011
23781.025391 -3016.349609 -6907.464355 0.553610 0.813693 0.177256
23785.640625 -3019.860352 -6905.762695 0.551663 0.816471 0.170423
23790.234375 -3023.313477 -6904.089355 0.548237 0.819210 0.168319
23794.802734 -3026.708740 -6902.444336 0.546559 0.821854 0.160715
23799.347656 -3030.047119 -6900.829102 0.543042 0.824719 0.157937
23803.869141 -3033.328125 -6899.242676 0.541040 0.827582 0.149612
23808.371094 -3036.552734 -6897.686035 0.537441 0.830340 0.147281
23812.847656 -3039.720947 -6896.159668 0.535547 0.833266 0.137322
23817.306641 -3042.833252 -6894.664063 0.530857 0.836260 0.137332
23821.742188 -3045.889648 -6893.198242 0.529428 0.839004 0.125610
23826.158203 -3048.890869 -6891.764648 0.524890 0.842054 0.124241
23830.552734 -3051.837158 -6890.361816 0.522512 0.844986 0.113925
23834.929688 -3054.728516 -6888.991211 0.518406 0.847964 0.110511
23839.285156 -3057.565674 -6887.652832 0.515038 0.850981 0.102801
23843.623047 -3060.348877 -6886.346680 0.511267 0.854042 0.096013
23847.943359 -3063.078369 -6885.073242 0.507352 0.857012 0.090138
23852.244141 -3065.754883 -6883.833008 0.503245 0.860020 0.084319
23856.525391 -3068.378418 -6882.625977 0.499889 0.862941 0.073781
23860.791016 -3070.949707 -6881.453125 0.494895 0.866145 0.069806
23865.039063 -3073.468750 -6880.313965 0.490940 0.869048 0.061109
23869.269531 -3075.936279 -6879.209473 0.485997 0.872165 0.055987
23873.482422 -3078.352539 -6878.139160 0.481825 0.875061 0.045973
23877.679688 -3080.718018 -6877.104004 0.477014 0.878028 0.039049
23881.859375 -3083.033203 -6876.104492 0.471471 0.881224 0.034055
23886.023438 -3085.298340 -6875.139648 0.467219 0.883872 0.021842
23890.171875 -3087.514160 -6874.211426 0.461244 0.887075 0.018750
23894.302734 -3089.680908 -6873.318848 0.456005 0.889925 0.009599
23898.417969 -3091.798828 -6872.462402 0.450791 0.892628 -0.001400
23902.519531 -3093.868896 -6871.643066 0.444567 0.895731 -0.005143
23906.603516 -3095.891357 -6870.860352 0.438791 0.898457 -0.015393
23910.673828 -3097.866455 -6870.114746 0.432780 0.901217 -0.022566
23914.726563 -3099.794922 -6869.406738 0.426474 0.903956 -0.031351
23918.765625 -3101.677246 -6868.736328 0.419888 0.906788 -0.037805
23922.789063 -3103.513916 -6868.103516 0.413411 0.909346 -0.046705
23926.796875 -3105.305420 -6867.508789 0.406800 0.911666 -0.058121
23930.791016 -3107.052246 -6866.953125 0.399548 0.914699 -0.060724
23934.767578 -3108.754883 -6866.435547 0.392637 0.916809 -0.072784
23938.730469 -3110.414063 -6865.957031 0.385236 0.919390 -0.079471
23942.677734 -3112.030029 -6865.517578 0.377767 0.921818 -0.086856
23946.609375 -3113.603516 -6865.117188 0.370131 0.923765 -0.098296
23950.527344 -3115.135010 -6864.756836 0.362284 0.926576 -0.101027
23954.427734 -3116.625000 -6864.435547 0.354327 0.928054 -0.114755
23958.314453 -3118.074219 -6864.154785 0.346120 0.930521 -0.119718
23962.185547 -3119.483154 -6863.914063 0.337939 0.932305 -0.128861
23966.039063 -3120.852295 -6863.713867 0.329312 0.934377 -0.135990
23969.878906 -3122.182373 -6863.554199 0.320816 0.936267 -0.143111
23973.701172 -3123.473877 -6863.435059 0.311982 0.937828 -0.152137
23977.507813 -3124.727539 -6863.356934 0.302921 0.939299 -0.161112
23981.298828 -3125.943848 -6863.320313 0.294064 0.941234 -0.166149
23985.072266 -3127.123535 -6863.324707 0.284717 0.942604 -0.174452
23988.830078 -3128.267090 -6863.370605 0.275240 0.943589 -0.184074
23992.570313 -3129.375244 -6863.458496 0.265804 0.945022 -0.190475
23996.292969 -3130.448486 -6863.588379 0.256520 0.946917 -0.193768
24000.000000 -3131.487793 -6863.759766 0.246275 0.946966 -0.206408
24003.687500 -3132.493408 -6863.973633 0.236558 0.948308 -0.211548
24007.357422 -3133.466064 -6864.229980 0.226244 0.948507 -0.221694
24011.007813 -3134.406738 -6864.529297 0.217209 0.950812 -0.220857
24014.640625 -3135.315918 -6864.870605 0.206219 0.950395 -0.232860
24018.253906 -3136.194092 -6865.254883 0.196272 0.951478 -0.236997
24021.849609 -3137.042236 -6865.682129 0.185055 0.950820 -0.248388
24025.423828 -3137.860840 -6866.152832 0.175609 0.952328 -0.249464
24028.978516 -3138.650879 -6866.666504 0.164806 0.952413 -0.256414
24032.513672 -3139.412598 -6867.223633 0.153435 0.951574 -0.266394
24036.025391 -3140.146973 -6867.824219 0.144044 0.953064 -0.266309
24039.517578 -3140.854736 -6868.468262 0.132383 0.952213 -0.275256
24042.988281 -3141.536133 -6869.156250 0.121701 0.952264 -0.279967
24046.437500 -3142.192139 -6869.888184 0.111166 0.952470 -0.283625
24049.865234 -3142.823242 -6870.664063 0.100500 0.952370 -0.287909
24053.269531 -3143.430176 -6871.483398 0.089096 0.951637 -0.294021
24056.650391 -3144.013428 -6872.346680 0.077543 0.950831 -0.299847
24060.007813 -3144.573486 -6873.254395 0.067588 0.951276 -0.300841
24063.341797 -3145.111328 -6874.206055 0.056250 0.950642 -0.305149
24066.652344 -3145.626953 -6875.202148 0.047778 0.952250 -0.301559
24069.941406 -3146.121338 -6876.242188 0.032804 0.948310 -0.315644
24073.203125 -3146.594971 -6877.326172 0.024409 0.949960 -0.311417
24076.441406 -3147.048096 -6878.454590 0.011262 0.947552 -0.319404
24079.652344 -3147.481445 -6879.626953 0.004317 0.949981 -0.312276
24082.839844 -3147.895752 -6880.843262 -0.008845 0.947619 -0.319279
24086.001953 -3148.291016 -6882.104004 -0.018420 0.947809 -0.318305
24089.138672 -3148.668213 -6883.408691 -0.029707 0.946717 -0.320695
24092.250000 -3149.027588 -6884.757813 -0.043705 0.943541 -0.328361
24095.332031 -3149.369629 -6886.150879 -0.044540 0.949796 -0.309683
24098.390625 -3149.694580 -6887.587402 -0.063047 0.943345 -0.325770
24101.421875 -3150.003418 -6889.068359 -0.072555 0.943316 -0.323868
24104.423828 -3150.295898 -6890.592773 -0.078217 0.945686 -0.315531
24107.400391 -3150.572998 -6892.161133 -0.089222 0.944310 -0.316729
24110.349609 -3150.834961 -6893.772949 -0.101951 0.941775 -0.320414
24113.269531 -3151.082031 -6895.428223 -0.104389 0.945789 -0.307548
24116.164063 -3151.314941 -6897.126953 -0.120327 0.941080 -0.316055
24119.029297 -3151.533691 -6898.869141 -0.128026 0.941565 -0.311552
24121.865234 -3151.738770 -6900.654297 -0.137006 0.941101 -0.309124
24124.671875 -3151.930664 -6902.482422 -0.140940 0.943598 -0.299598
24127.451172 -3152.109619 -6904.353516 -0.148784 0.943569 -0.295875
24130.203125 -3152.275879 -6906.267578 -0.163182 0.939568 -0.300970
24132.923828 -3152.429932 -6908.223633 -0.169412 0.940380 -0.294932
24135.615234 -3152.572021 -6910.222656 -0.171912 0.943125 -0.284536
24138.277344 -3152.702393 -6912.263184 -0.182347 0.941264 -0.284203
24140.910156 -3152.821289 -6914.346191 -0.186348 0.942846 -0.276253
24143.513672 -3152.929199 -6916.470703 -0.198688 0.939775 -0.278112
24146.085938 -3153.026367 -6918.636719 -0.198965 0.943181 -0.266125
24148.628906 -3153.112793 -6920.844238 -0.209968 0.940712 -0.266411
24151.140625 -3153.188965 -6923.092773 -0.209769 0.943989 -0.254719
24153.623047 -3153.255127 -6925.382324 -0.219605 0.942019 -0.253720
24156.074219 -3153.311279 -6927.712402 -0.219028 0.945140 -0.242356
24158.496094 -3153.357910 -6930.083008 -0.235502 0.939746 -0.247822
24160.884766 -3153.395020 -6932.493652 -0.225156 0.947373 -0.227571
24163.244141 -3153.422852 -6934.943848 -0.236312 0.944546 -0.228011
24165.572266 -3153.441406 -6937.433594 -0.240286 0.944978 -0.221988
24167.869141 -3153.451416 -6939.962402 -0.244527 0.945264 -0.216064
24170.134766 -3153.452393 -6942.530762 -0.244159 0.947482 -0.206554
24172.369141 -3153.444824 -6945.137207 -0.249038 0.947266 -0.201662
24174.572266 -3153.428711 -6947.782227 -0.249308 0.948956 -0.193206
24176.744141 -3153.404297 -6950.464844 -0.260237 0.946013 -0.193225
24178.882813 -3153.371582 -6953.185059 -0.255308 0.949756 -0.181056
24180.990234 -3153.330811 -6955.942871 -0.254356 0.951629 -0.172350
24183.066406 -3153.281982 -6958.737305 -0.256449 0.952178 -0.166106
24185.111328 -3153.225098 -6961.568359 -0.258936 0.952494 -0.160335
24187.125000 -3153.160400 -6964.436035 -0.264812 0.951450 -0.156903
24189.105469 -3153.087891 -6967.338867 -0.258461 0.955037 -0.145263
24191.054688 -3153.007324 -6970.277344 -0.267175 0.952838 -0.143933
24192.970703 -3152.919189 -6973.250488 -0.260113 0.956449 -0.132461
24194.855469 -3152.823242 -6976.258789 -0.257252 0.958338 -0.124135
24196.708984 -3152.719727 -6979.300781 -0.266327 0.956010 -0.122943
24198.529297 -3152.608154 -6982.376465 -0.257489 0.959839 -0.111393
24200.318359 -3152.489014 -6985.485352 -0.266344 0.957553 -0.110240
24202.074219 -3152.362305 -6988.626953 -0.255798 0.961735 -0.098145
24203.798828 -3152.227539 -6991.801270 -0.264603 0.959467 -0.097000
24205.490234 -3152.085205 -6995.007324 -0.252262 0.963955 -0.084584
24207.150391 -3151.934814 -6998.244629 -0.251072 0.964791 -0.078366
24208.779297 -3151.776367 -7001.512695 -0.261949 0.961906 -0.078230
24210.375000 -3151.610107 -7004.811523 -0.247817 0.966571 -0.065785
24211.939453 -3151.435547 -7008.140137 -0.257427 0.964112 -0.064958
24213.470703 -3151.252930 -7011.498047 -0.255422 0.965053 -0.058578
24214.968750 -3151.062012 -7014.884766 -0.232409 0.971658 -0.043203
24216.437500 -3150.862549 -7018.299805 -0.253044 0.966307 -0.047122
24217.873047 -3150.654541 -7021.743164 -0.237468 0.970745 -0.035524
24219.277344 -3150.437988 -7025.212891 -0.248684 0.967950 -0.035062
24220.648438 -3150.212402 -7028.709961 -0.223509 0.974492 -0.020230
24221.990234 -3149.977783 -7032.232910 -0.243312 0.969672 -0.023147
24223.298828 -3149.734131 -7035.781250 -0.230778 0.972912 -0.013562
24224.576172 -3149.480957 -7039.354980 -0.237833 0.971240 -0.011329
24225.820313 -3149.218262 -7042.952637 -0.214998 0.976614 0.001353
24227.035156 -3148.945801 -7046.574219 -0.233421 0.972376 -0.000316
24228.216797 -3148.663330 -7050.218750 -0.210439 0.977535 0.011902
24229.369141 -3148.370605 -7053.886230 -0.228069 0.973585 0.010836
24230.488281 -3148.067383 -7057.575195 -0.204135 0.978676 0.022856
24231.578125 -3147.753418 -7061.285156 -0.213743 0.976585 0.024411
24232.636719 -3147.428467 -7065.016113 -0.222144 0.974652 0.026563
24233.662109 -3147.092529 -7068.767090 -0.196769 0.979702 0.038291
24234.658203 -3146.745117 -7072.537109 -0.195476 0.979766 0.042987
24235.625000 -3146.385986 -7076.326172 -0.203218 0.978083 0.045342
24236.560547 -3146.015137 -7080.132813 -0.202118 0.978075 0.050169
24237.464844 -3145.632080 -7083.957520 -0.199540 0.978331 0.055255
24238.337891 -3145.237061 -7087.798828 -0.186074 0.980522 0.062875
24239.181641 -3144.829590 -7091.656250 -0.184047 0.980585 0.067676
24239.996094 -3144.409424 -7095.529297 -0.204197 0.976587 0.067692
24240.777344 -3143.976563 -7099.417480 -0.168523 0.982467 0.079740
24241.531250 -3143.530518 -7103.319824 -0.189702 0.978603 0.079682
24242.253906 -3143.071533 -7107.236328 -0.187000 0.978702 0.084693
24242.945313 -3142.599365 -7111.166016 -0.162887 0.982199 0.093555
24243.609375 -3142.113770 -7115.107910 -0.182974 0.978587 0.094279
24244.242188 -3141.614502 -7119.062012 -0.170108 0.980245 0.100911
24244.845703 -3141.101563 -7123.027344 -0.169065 0.979957 0.105361
24245.419922 -3140.574951 -7127.003906 -0.176314 0.978314 0.108699
24245.962891 -3140.034180 -7130.990234 -0.164959 0.979600 0.114771
24246.476563 -3139.479492 -7134.986328 -0.162118 0.979499 0.119579
24246.960938 -3138.910400 -7138.991211 -0.151216 0.980539 0.125210
24247.417969 -3138.327393 -7143.004883 -0.169159 0.977328 0.127337
24247.843750 -3137.729736 -7147.026367 -0.167483 0.976987 0.132083
24248.238281 -3137.117432 -7151.055176 -0.145591 0.979558 0.138813
24248.605469 -3136.490967 -7155.090820 -0.142620 0.979331 0.143420
24248.945313 -3135.849609 -7159.132324 -0.172675 0.974264 0.144887
24249.251953 -3135.193359 -7163.179688 -0.139729 0.978405 0.152315
24249.531250 -3134.522705 -7167.231445 -0.147995 0.976610 0.155979
24249.781250 -3133.836914 -7171.288086 -0.136091 0.977492 0.161212
24250.003906 -3133.136230 -7175.348633 -0.154804 0.974194 0.164263
24250.195313 -3132.420654 -7179.412109 -0.142944 0.975114 0.169466
24250.357422 -3131.690186 -7183.478516 -0.130442 0.975971 0.174545
24250.492188 -3130.944580 -7187.546875 -0.139494 0.974025 0.178372
24250.597656 -3130.184082 -7191.617188 -0.146963 0.972144 0.182586
24250.671875 -3129.408203 -7195.688477 -0.115479 0.975350 0.188036
24250.720703 -3128.617432 -7199.760254 -0.143716 0.970905 0.191546
24250.738281 -3127.811523 -7203.832031 -0.131639 0.971661 0.196331
24250.726563 -3126.990479 -7207.903320 -0.119649 0.972275 0.200911
24250.687500 -3126.154297 -7211.973145 -0.128371 0.970284 0.205109
24250.619141 -3125.303223 -7216.041992 -0.125462 0.969692 0.209657
24250.521484 -3124.436768 -7220.107910 -0.114418 0.970124 0.213935
24250.396484 -3123.555420 -7224.171387 -0.132306 0.966823 0.218514
24250.240234 -3122.659180 -7228.231445 -0.110121 0.968669 0.222608
24250.056641 -3121.747803 -7232.288086 -0.117907 0.966674 0.227244
24249.843750 -3120.821289 -7236.339844 -0.116520 0.965817 0.231561
24249.601563 -3119.880127 -7240.387207 -0.104315 0.966258 0.235506
24249.332031 -3118.924072 -7244.429199 -0.112335 0.964192 0.240238
24249.033203 -3117.953369 -7248.464844 -0.100140 0.964579 0.244049
24248.707031 -3116.967773 -7252.494141 -0.117673 0.961213 0.249445
24248.349609 -3115.967529 -7256.517090 -0.096071 0.962798 0.252569
24247.964844 -3114.952637 -7260.532227 -0.104146 0.960654 0.257482
24247.550781 -3113.923584 -7264.539063 -0.101072 0.959831 0.261743
24247.107422 -3112.879883 -7268.537598 -0.099333 0.958842 0.266000
24246.634766 -3111.822021 -7272.527344 -0.087418 0.959086 0.269282
24246.134766 -3110.750000 -7276.507813 -0.095158 0.956882 0.274447
24245.605469 -3109.664063 -7280.477539 -0.091915 0.956013 0.278551
24245.046875 -3108.563965 -7284.437500 -0.080923 0.956090 0.281680
24244.460938 -3107.450195 -7288.386230 -0.096967 0.952684 0.288080
24243.843750 -3106.322510 -7292.323242 -0.076251 0.954042 0.289809
24243.199219 -3105.181641 -7296.248535 -0.091775 0.950663 0.296339
24242.523438 -3104.027100 -7300.161621 -0.071165 0.951951 0.297868
24241.820313 -3102.859375 -7304.061523 -0.068911 0.950867 0.301833
24241.089844 -3101.678711 -7307.947754 -0.084572 0.947410 0.308646
24240.328125 -3100.485107 -7311.820313 -0.072548 0.947564 0.311221
24239.537109 -3099.278564 -7315.678223 -0.060912 0.947621 0.313534
24238.718750 -3098.059570 -7319.521484 -0.067645 0.945332 0.319016
24237.871094 -3096.828369 -7323.349609 -0.074052 0.942902 0.324733
24236.992188 -3095.584717 -7327.161133 -0.052456 0.944299 0.324881
24236.085938 -3094.329102 -7330.957031 -0.068400 0.940654 0.332402
24235.148438 -3093.061768 -7334.736328 -0.047724 0.941914 0.332447
24234.183594 -3091.782959 -7338.498047 -0.062427 0.938358 0.339980
24233.187500 -3090.492676 -7342.242188 -0.041830 0.939592 0.339732
24232.164063 -3089.191162 -7345.967773 -0.056666 0.935999 0.347412
24231.109375 -3087.878906 -7349.675293 -0.045006 0.936036 0.349014
24230.025391 -3086.555908 -7353.363281 -0.032395 0.936165 0.350066
24228.914063 -3085.222412 -7357.032227 -0.057015 0.930918 0.360751
24227.769531 -3083.878662 -7360.680664 -0.026629 0.933755 0.356921
24226.597656 -3082.525146 -7364.309082 -0.041798 0.929946 0.365313
24225.394531 -3081.162109 -7367.916504 -0.019784 0.931452 0.363326
24224.164063 -3079.789307 -7371.502930 -0.044717 0.926032 0.374786
24222.900391 -3078.407715 -7375.067383 -0.014233 0.928960 0.369907
24221.609375 -3077.017090 -7378.609375 -0.037132 0.923746 0.381201
24220.285156 -3075.617920 -7382.128906 -0.008087 0.926531 0.376133
24218.933594 -3074.210449 -7385.625000 -0.021570 0.922819 0.384631
24217.550781 -3072.795166 -7389.098145 -0.009604 0.922976 0.384738
24216.138672 -3071.372070 -7392.547363 -0.015746 0.920238 0.391043
24214.695313 -3069.941650 -7395.971680 -0.010576 0.919372 0.393247
24213.220703 -3068.504150 -7399.372070 0.000335 0.919405 0.393311
24211.716797 -3067.059814 -7402.747070 -0.005663 0.916630 0.399696
24210.181641 -3065.609131 -7406.095703 0.009131 0.917399 0.397864
24208.617188 -3064.152100 -7409.419434 -0.006344 0.912895 0.408145
24207.019531 -3062.689209 -7412.716309 0.015345 0.914981 0.403206
24205.392578 -3061.220703 -7415.986816 0.018698 0.913775 0.405791
24203.736328 -3059.746582 -7419.229980 0.005543 0.909608 0.415430
24202.046875 -3058.267578 -7422.445801 0.027385 0.911826 0.409663
24200.328125 -3056.783447 -7425.634277 0.020645 0.908807 0.416706
24198.578125 -3055.294922 -7428.793945 0.036132 0.909911 0.413226
24196.798828 -3053.801758 -7431.926270 0.020084 0.904992 0.424954
24194.986328 -3052.304688 -7435.028809 0.043254 0.907744 0.417289
24193.144531 -3050.803711 -7438.103027 0.038854 0.905098 0.423424
24191.271484 -3049.298828 -7441.147949 0.041740 0.903888 0.425728
24189.367188 -3047.790771 -7444.163086 0.055079 0.904738 0.422392
24187.433594 -3046.279297 -7447.148438 0.049926 0.901890 0.429071
24185.468750 -3044.764893 -7450.103027 0.055363 0.901244 0.429761
24183.472656 -3043.247803 -7453.027344 0.060557 0.900558 0.430497
24181.445313 -3041.728027 -7455.921387 0.071157 0.900992 0.427960
24179.388672 -3040.205811 -7458.784180 0.068596 0.898726 0.433113
24177.300781 -3038.681641 -7461.616211 0.072220 0.897725 0.434596
24175.181641 -3037.155518 -7464.416504 0.084743 0.898712 0.430273
24173.033203 -3035.627441 -7467.185059 0.081670 0.896295 0.435873
24170.853516 -3034.097900 -7469.921875 0.093176 0.897163 0.431761
24168.644531 -3032.566895 -7472.626465 0.090241 0.894777 0.437299
24166.404297 -3031.034912 -7475.298828 0.102947 0.896045 0.431863
24164.134766 -3029.501709 -7477.938965 0.106992 0.895350 0.432320
24161.835938 -3027.967773 -7480.546875 0.103276 0.892645 0.438770
24159.505859 -3026.432861 -7483.121094 0.115421 0.894033 0.432877
24157.146484 -3024.897705 -7485.662598 0.113557 0.891873 0.437797
24154.755859 -3023.362061 -7488.170898 0.125622 0.893348 0.431448
24152.335938 -3021.826172 -7490.646484 0.127387 0.892131 0.433445
24149.886719 -3020.290283 -7493.087891 0.134282 0.892347 0.430913
24147.408203 -3018.754395 -7495.496094 0.136902 0.891422 0.432002
24144.900391 -3017.218750 -7497.870117 0.149795 0.893321 0.423720
24142.365234 -3015.683350 -7500.210938 0.140231 0.889133 0.435634
24139.798828 -3014.148438 -7502.517578 0.151559 0.890869 0.428233
24137.203125 -3012.614258 -7504.790527 0.161727 0.892189 0.421716
24134.580078 -3011.080566 -7507.029297 0.159722 0.890169 0.426718
24131.927734 -3009.547852 -7509.233887 0.163540 0.889815 0.426010
24129.246094 -3008.016113 -7511.403809 0.174668 0.891701 0.417564
24126.537109 -3006.485352 -7513.539551 0.178653 0.891527 0.416250
24123.800781 -3004.955811 -7515.641113 0.176933 0.889610 0.421057
24121.035156 -3003.427490 -7517.708008 0.187959 0.891809 0.411518
24118.242188 -3001.900635 -7519.741211 0.188978 0.890697 0.413456
24115.421875 -3000.375000 -7521.738770 0.195203 0.891489 0.408832
24112.574219 -2998.851074 -7523.702148 0.200810 0.892136 0.404684
24109.699219 -2997.328613 -7525.631836 0.201560 0.891126 0.406531
24106.796875 -2995.807861 -7527.526367 0.206110 0.891523 0.403366
24103.867188 -2994.289063 -7529.386230 0.216491 0.893904 0.392513
24100.912109 -2992.771729 -7531.211914 0.212613 0.891431 0.400182
24097.929688 -2991.256592 -7533.002441 0.223564 0.894258 0.387713
24094.921875 -2989.743164 -7534.758789 0.227125 0.894586 0.384876
24091.888672 -2988.231934 -7536.481445 0.224348 0.892483 0.391334
24088.828125 -2986.722656 -7538.168945 0.237621 0.896451 0.374049
24085.744141 -2985.215332 -7539.822266 0.236699 0.895201 0.377610
24082.634766 -2983.710205 -7541.441406 0.239113 0.895208 0.376069
24079.500000 -2982.207275 -7543.025879 0.244644 0.896558 0.369233
24076.339844 -2980.706299 -7544.576660 0.249411 0.897633 0.363386
24073.156250 -2979.207764 -7546.093262 0.250344 0.897266 0.363651
24069.947266 -2977.711426 -7547.576172 0.255681 0.898680 0.356372
24066.714844 -2976.217285 -7549.024902 0.258930 0.899354 0.352304
24063.458984 -2974.725586 -7550.439941 0.262063 0.899995 0.348327
24060.179688 -2973.236084 -7551.821289 0.268464 0.902083 0.337896
24056.878906 -2971.748779 -7553.169434 0.268113 0.901331 0.340173
24053.554688 -2970.263672 -7554.484375 0.269764 0.901465 0.338509
24050.207031 -2968.780762 -7555.765625 0.275975 0.903825 0.327013
24046.837891 -2967.300293 -7557.014160 0.277779 0.904096 0.324730
24043.447266 -2965.822021 -7558.229492 0.281481 0.905408 0.317812
24040.035156 -2964.345947 -7559.412598 0.282741 0.905550 0.316285
24036.601563 -2962.872070 -7560.562988 0.284733 0.906103 0.312899
24033.146484 -2961.400391 -7561.680664 0.290257 0.908494 0.300650
24029.671875 -2959.930908 -7562.766602 0.291663 0.908757 0.298483
24026.177734 -2958.463379 -7563.820313 0.294799 0.910051 0.291378
24022.664063 -2956.997803 -7564.842773 0.292742 0.908658 0.297729
24019.128906 -2955.534424 -7565.833008 0.300335 0.912489 0.277781
24015.576172 -2954.072998 -7566.792480 0.299695 0.911842 0.280583
24012.003906 -2952.613281 -7567.720703 0.302784 0.913360 0.272205
24008.414063 -2951.155762 -7568.618164 0.305611 0.914684 0.264490
24004.806641 -2949.699707 -7569.485352 0.305995 0.914643 0.264189
24001.181641 -2948.245361 -7570.321777 0.308366 0.915916 0.256922
23997.539063 -2946.792725 -7571.128418 0.309731 0.916580 0.252881
23993.878906 -2945.341553 -7571.905273 0.312381 0.918067 0.244073
23990.203125 -2943.892090 -7572.652832 0.313896 0.918793 0.239353
23986.511719 -2942.443848 -7573.371094 0.315398 0.919598 0.234229
23982.804688 -2940.996826 -7574.060547 0.316779 0.920412 0.229113
23979.082031 -2939.551025 -7574.721680 0.316844 0.920383 0.229138
23975.343750 -2938.106689 -7575.354004 0.320292 0.922554 0.215189
23971.591797 -2936.663086 -7575.958496 0.320400 0.922568 0.214969
23967.826172 -2935.220947 -7576.535156 0.321730 0.923350 0.209557
23964.046875 -2933.779541 -7577.083984 0.321732 0.923405 0.209311
23960.251953 -2932.339111 -7577.605469 0.324345 0.925285 0.196589
23956.445313 -2930.899658 -7578.100098 0.325150 0.925735 0.193114
23952.626953 -2929.460938 -7578.567871 0.324788 0.925465 0.195008
23948.794922 -2928.023193 -7579.008789 0.326286 0.926780 0.186054
23944.949219 -2926.585938 -7579.423828 0.327033 0.927211 0.182564
23941.093750 -2925.149658 -7579.812012 0.327423 0.927501 0.180378
23937.226563 -2923.714111 -7580.173828 0.328882 0.928909 0.170188
23933.347656 -2922.279053 -7580.510742 0.328030 0.928091 0.176194
23929.457031 -2920.844971 -7580.821289 0.330126 0.930102 0.161019
23925.556641 -2919.411133 -7581.106934 0.329310 0.929388 0.166712
23921.644531 -2917.978271 -7581.367188 0.330476 0.930657 0.157047
23917.722656 -2916.545898 -7581.602539 0.330554 0.930644 0.156959
23913.791016 -2915.114014 -7581.812500 0.331113 0.931450 0.150884
23909.849609 -2913.682861 -7581.998047 0.331391 0.931862 0.147694
23905.898438 -2912.252197 -7582.159180 0.331437 0.932071 0.146265
23901.937500 -2910.822266 -7582.295898 0.331881 0.932697 0.141180
23897.968750 -2909.393066 -7582.408203 0.332098 0.933146 0.137653
23893.990234 -2907.964111 -7582.496582 0.332191 0.933450 0.135352
23890.003906 -2906.536133 -7582.561035 0.332159 0.933646 0.134072
23886.007813 -2905.108643 -7582.601563 0.332333 0.934140 0.130145
23882.003906 -2903.681885 -7582.618164 0.332467 0.934701 0.125699
23877.992188 -2902.255859 -7582.611328 0.332304 0.935013 0.123794
23873.970703 -2900.830566 -7582.581543 0.332444 0.935264 0.121504
23869.943359 -2899.406006 -7582.527832 0.332239 0.935593 0.119510
23865.906250 -2897.982178 -7582.451172 0.332313 0.936294 0.113677
23861.863281 -2896.559326 -7582.351563 0.332158 0.936141 0.115372
23857.812500 -2895.137207 -7582.228516 0.332142 0.936825 0.109725
23853.755859 -2893.716064 -7582.082520 0.331722 0.936848 0.110795
23849.689453 -2892.296143 -7581.914063 0.331667 0.937534 0.105004
23845.617188 -2890.876953 -7581.722656 0.331517 0.937606 0.104840
23841.539063 -2889.458984 -7581.508301 0.331178 0.937970 0.102632
23837.453125 -2888.042236 -7581.271484 0.330945 0.938563 0.097854
23833.361328 -2886.626465 -7581.012207 0.330693 0.938204 0.102053
23829.261719 -2885.212158 -7580.729980 0.330172 0.939268 0.093608
23825.156250 -2883.799316 -7580.425781 0.329932 0.939298 0.094147
23821.044922 -2882.387939 -7580.099121 0.329533 0.939440 0.094130
23816.925781 -2880.978027 -7579.750000 0.329092 0.939949 0.090525
23812.800781 -2879.569580 -7579.378418 0.328719 0.940162 0.089664
23808.669922 -2878.162842 -7578.984375 0.328140 0.940657 0.086535
23804.533203 -2876.758057 -7578.568359 0.327759 0.940579 0.088792
23800.388672 -2875.355225 -7578.129883 0.326970 0.941588 0.080644
23796.240234 -2873.954102 -7577.669434 0.326825 0.941048 0.087263
23792.083984 -2872.555420 -7577.186523 0.326008 0.941805 0.081992
23787.921875 -2871.158691 -7576.681152 0.325310 0.942222 0.079939
23783.753906 -2869.764404 -7576.153809 0.324812 0.942422 0.079616
23779.580078 -2868.372314 -7575.604004 0.324052 0.942725 0.079126
23775.398438 -2866.982910 -7575.032227 0.323401 0.943122 0.077017
23771.212891 -2865.596191 -7574.437988 0.322865 0.943132 0.079120
23767.019531 -2864.212402 -7573.821289 0.321847 0.943808 0.075112
23762.820313 -2862.831299 -7573.182129 0.321216 0.943987 0.075556
23758.615234 -2861.453369 -7572.520508 0.320344 0.944406 0.074000
23754.404297 -2860.078613 -7571.836426 0.319191 0.944993 0.071454
23750.185547 -2858.707031 -7571.130371 0.318917 0.944785 0.075320
23745.960938 -2857.339111 -7570.401367 0.317844 0.945348 0.072744
23741.730469 -2855.974609 -7569.649414 0.316488 0.946004 0.070081
23737.492188 -2854.614014 -7568.875488 0.316246 0.945851 0.073178
23733.250000 -2853.257324 -7568.078125 0.314532 0.946701 0.069477
23728.998047 -2851.904785 -7567.258789 0.314586 0.946206 0.075691
23724.740234 -2850.556641 -7566.415527 0.312223 0.947681 0.066462
23720.476563 -2849.212646 -7565.549805 0.311840 0.947428 0.071666
23716.203125 -2847.873291 -7564.661133 0.310641 0.947980 0.069544
23711.925781 -2846.538574 -7563.749023 0.309972 0.947919 0.073261
23707.638672 -2845.208984 -7562.813477 0.308189 0.948771 0.069661
23703.343750 -2843.884277 -7561.854492 0.307256 0.948982 0.070894
23699.042969 -2842.565186 -7560.872070 0.305719 0.949596 0.069307
23694.734375 -2841.251465 -7559.866211 0.305262 0.949431 0.073456
23690.417969 -2839.943359 -7558.835938 0.303120 0.950381 0.069964
23686.091797 -2838.641113 -7557.782227 0.302439 0.950349 0.073256
23681.757813 -2837.344971 -7556.704102 0.300133 0.951399 0.068998
23677.416016 -2836.055176 -7555.602539 0.300298 0.950797 0.076205
23673.066406 -2834.771729 -7554.475586 0.297748 0.951933 0.071900
23668.707031 -2833.495117 -7553.324707 0.296095 0.952480 0.071484
23664.337891 -2832.225098 -7552.149414 0.296151 0.951892 0.078722
23659.960938 -2830.962646 -7550.948730 0.293394 0.953096 0.074347
23655.572266 -2829.707275 -7549.723145 0.292305 0.953265 0.076442
23651.175781 -2828.459473 -7548.472168 0.290233 0.954001 0.075153
23646.769531 -2827.219482 -7547.196289 0.289525 0.953826 0.079940
23642.351563 -2825.987549 -7545.894531 0.287605 0.954444 0.079502
23637.923828 -2824.763916 -7544.566895 0.285291 0.955280 0.077774
23633.486328 -2823.548828 -7543.213867 0.284731 0.955005 0.083032
23629.037109 -2822.342285 -7541.833984 0.281528 0.956350 0.078340
23624.578125 -2821.144775 -7540.428711 0.280425 0.956352 0.082174
23620.105469 -2819.956299 -7538.997070 0.278086 0.957134 0.081015
23615.623047 -2818.777344 -7537.539551 0.276005 0.957739 0.080977
23611.128906 -2817.607666 -7536.055664 0.274357 0.958063 0.082731
23606.623047 -2816.447754 -7534.545410 0.271787 0.958870 0.081856
23602.103516 -2815.297852 -7533.009277 0.269766 0.959423 0.082055
23597.574219 -2814.157959 -7531.446777 0.267228 0.960186 0.081432
23593.031250 -2813.028320 -7529.858398 0.264618 0.961010 0.080232
23588.476563 -2811.908936 -7528.244141 0.263495 0.960996 0.084007
23583.910156 -2810.800293 -7526.603516 0.259283 0.962609 0.078466
23579.330078 -2809.702393 -7524.937988 0.257594 0.962888 0.080575
23574.738281 -2808.615479 -7523.247070 0.255551 0.963327 0.081817
23570.132813 -2807.539551 -7521.530273 0.251667 0.964685 0.077756
23565.513672 -2806.474854 -7519.789063 0.248950 0.965459 0.076897
23560.882813 -2805.421387 -7518.023438 0.247951 0.965374 0.081081
23556.240234 -2804.379395 -7516.232422 0.243650 0.966839 0.076533
23551.582031 -2803.349121 -7514.417969 0.241256 0.967414 0.076851
23546.912109 -2802.330566 -7512.579590 0.238545 0.968120 0.076420
23542.230469 -2801.323975 -7510.717773 0.234863 0.969228 0.073726
23537.533203 -2800.329102 -7508.833008 0.232488 0.969752 0.074371
23532.824219 -2799.346436 -7506.925781 0.229811 0.970386 0.074416
23528.101563 -2798.375977 -7504.996094 0.225954 0.971538 0.071122
23523.367188 -2797.417725 -7503.044922 0.222816 0.972344 0.070003
23518.619141 -2796.471680 -7501.072754 0.221219 0.972480 0.073109
23513.857422 -2795.538330 -7499.079590 0.216855 0.973765 0.068960
23509.082031 -2794.617432 -7497.066406 0.214107 0.974379 0.068883
23504.294922 -2793.709229 -7495.033691 0.210463 0.975327 0.066644
23499.494141 -2792.813477 -7492.981934 0.207937 0.975827 0.067263
23494.681641 -2791.930664 -7490.912109 0.205846 0.976141 0.069109
23489.855469 -2791.060791 -7488.823730 0.200190 0.977797 0.061940
23485.017578 -2790.203613 -7486.719238 0.198994 0.977791 0.065779
23480.167969 -2789.359375 -7484.597656 0.195299 0.978669 0.063754
23475.304688 -2788.528076 -7482.460938 0.192568 0.979191 0.064044
23470.427734 -2787.709717 -7480.309082 0.189156 0.979958 0.062470
23465.541016 -2786.904541 -7478.143066 0.186366 0.980482 0.062634
23460.640625 -2786.112305 -7475.963867 0.183623 0.980986 0.062838
23455.728516 -2785.333252 -7473.771973 0.180033 0.981774 0.060895
23450.806641 -2784.567383 -7471.568359 0.178855 0.981730 0.064946
23445.871094 -2783.814697 -7469.354004 0.174455 0.982763 0.061183
23440.923828 -2783.074951 -7467.129883 0.172571 0.982957 0.063357
23435.966797 -2782.348633 -7464.896484 0.169722 0.983461 0.063236
23430.998047 -2781.635254 -7462.655273 0.166983 0.983924 0.063325
23426.019531 -2780.935059 -7460.406738 0.153713 0.987330 0.039379
23421.029297 -2780.248047 -7458.152832 0.125259 0.991947 -0.018741
23416.029297 -2779.573975 -7455.893066 0.102708 0.992751 -0.062427
23411.019531 -2778.913330 -7453.629395 0.086053 0.991939 -0.093013
23406.000000 -2778.265381 -7451.363281 0.071273 0.990326 -0.119060
23400.968750 -2777.630615 -7449.095215 0.058745 0.988366 -0.140293
23395.929688 -2777.009033 -7446.826172 0.051284 0.987236 -0.150779
23390.882813 -2776.400391 -7444.557617 0.049786 0.987642 -0.148608
23385.826172 -2775.804443 -7442.291016 0.046946 0.987686 -0.149243
23380.759766 -2775.221436 -7440.026367 0.046414 0.988322 -0.145142
23375.687500 -2774.651367 -7437.766602 0.044094 0.988441 -0.145055
23370.605469 -2774.093750 -7435.511719 0.042128 0.988657 -0.144165
23365.517578 -2773.549072 -7433.263184 0.039077 0.988538 -0.145828
23360.421875 -2773.017090 -7431.022461 0.037237 0.988706 -0.145170
23355.318359 -2772.497314 -7428.791504 0.034958 0.988763 -0.145346
23350.208984 -2771.990234 -7426.570801 0.032804 0.988801 -0.145588
23345.093750 -2771.495361 -7424.362305 0.030640 0.988825 -0.145898
23339.972656 -2771.012695 -7422.166504 0.026357 0.988149 -0.151216
23334.845703 -2770.542236 -7419.985840 0.025031 0.988382 -0.149915
23329.714844 -2770.083984 -7417.821289 0.022905 0.988304 -0.150770
23324.580078 -2769.637451 -7415.674316 0.017635 0.987123 -0.158990
23319.439453 -2769.202881 -7413.546387 0.017026 0.987510 -0.156632
23314.296875 -2768.780029 -7411.439453 0.012113 0.986272 -0.164686
23309.148438 -2768.368652 -7409.354492 0.012303 0.986917 -0.160758
23304.000000 -2767.968750 -7407.293457 0.006334 0.985088 -0.171937
23298.847656 -2767.580322 -7405.257813 0.005407 0.985214 -0.171242
23293.693359 -2767.202881 -7403.249023 0.000488 0.983541 -0.180687
23288.537109 -2766.836670 -7401.269531 0.000215 0.983875 -0.178855
23283.380859 -2766.481201 -7399.320313 -0.002809 0.982874 -0.184257
23278.224609 -2766.136475 -7397.402832 -0.007194 0.981023 -0.193756
23273.066406 -2765.802246 -7395.519043 -0.007177 0.981384 -0.191921
23267.912109 -2765.478516 -7393.670898 -0.013615 0.978012 -0.208105
23262.755859 -2765.165039 -7391.860352 -0.013601 0.978215 -0.207148
23257.601563 -2764.861572 -7390.088867 -0.015342 0.977252 -0.211524
23252.451172 -2764.567871 -7388.358398 -0.019346 0.974624 -0.223012
23247.302734 -2764.283936 -7386.670898 -0.020545 0.973700 -0.226906
23242.156250 -2764.009521 -7385.027344 -0.023495 0.971210 -0.237064
23237.015625 -2763.744385 -7383.431641 -0.023464 0.970876 -0.238433
23231.878906 -2763.488281 -7381.883301 -0.027756 0.966584 -0.254842
23226.746094 -2763.240967 -7380.386230 -0.027736 0.965783 -0.257862
23221.619141 -2763.002441 -7378.941406 -0.028518 0.963991 -0.264402
23216.500000 -2762.772461 -7377.550781 -0.030978 0.960002 -0.278274
23211.386719 -2762.550781 -7376.216797 -0.029929 0.959395 -0.280473
23206.281250 -2762.336914 -7374.940430 -0.031076 0.955949 -0.291882
23201.183594 -2762.131104 -7373.723633 -0.031166 0.953134 -0.300938
23196.095703 -2761.932861 -7372.568848 -0.030485 0.950942 -0.307865
23191.017578 -2761.742188 -7371.477051 -0.029799 0.948182 -0.316329
23185.951172 -2761.558838 -7370.450195 -0.028382 0.946032 -0.322829
23180.896484 -2761.382568 -7369.489258 -0.027804 0.941518 -0.335813
23175.853516 -2761.213135 -7368.596680 -0.025367 0.939770 -0.340864
23170.824219 -2761.050293 -7367.773438 -0.023393 0.936447 -0.350029
23165.810547 -2760.894287 -7367.020996 -0.020854 0.933264 -0.358586
23160.812500 -2760.744629 -7366.340820 -0.018002 0.929666 -0.367963
23155.830078 -2760.601074 -7365.734375 -0.014563 0.926416 -0.376220
23150.865234 -2760.463379 -7365.203125 -0.010790 0.923185 -0.384205
23145.919922 -2760.331787 -7364.748047 -0.006771 0.918472 -0.395428
23140.994141 -2760.205811 -7364.371094 -0.001846 0.916192 -0.400735
23136.087891 -2760.085205 -7364.072754 0.003141 0.911974 -0.410237
23131.207031 -2759.970215 -7363.854492 0.008797 0.908599 -0.417576
23126.347656 -2759.860107 -7363.717285 0.014722 0.904264 -0.426721
23121.513672 -2759.755371 -7363.662109 0.021300 0.900130 -0.435101
23116.705078 -2759.655273 -7363.690430 0.028236 0.896602 -0.441936
23111.923828 -2759.560059 -7363.802734 0.035933 0.890636 -0.453295
23107.171875 -2759.469238 -7364.000977 0.043603 0.889481 -0.454887
23102.449219 -2759.382813 -7364.284668 0.052485 0.882029 -0.468264
23097.759766 -2759.300781 -7364.655762 0.061024 0.880308 -0.470461
23093.101563 -2759.222900 -7365.114258 0.071255 0.872217 -0.483901
23088.478516 -2759.149170 -7365.662109 0.080398 0.871710 -0.483381
23083.890625 -2759.079102 -7366.298828 0.091346 0.865331 -0.492806
23079.341797 -2759.012695 -7367.025391 0.102750 0.859239 -0.501150
23074.830078 -2758.950195 -7367.843262 0.114581 0.854335 -0.506934
23070.361328 -2758.890625 -7368.752930 0.125464 0.852551 -0.507361
23065.933594 -2758.834717 -7369.753906 0.139207 0.844526 -0.517104
23061.550781 -2758.781982 -7370.847656 0.151208 0.842243 -0.517458
23057.212891 -2758.732178 -7372.034180 0.165614 0.835045 -0.524664
23052.921875 -2758.685547 -7373.314453 0.179015 0.831408 -0.526036
23048.681641 -2758.641602 -7374.687988 0.193558 0.825950 -0.529473
23044.490234 -2758.600586 -7376.156250 0.208907 0.820027 -0.532836
23040.353516 -2758.562012 -7377.718750 0.224988 0.813681 -0.536007
23036.271484 -2758.525635 -7379.376953 0.238582 0.812167 -0.532412
23032.246094 -2758.491943 -7381.129395 0.255629 0.805116 -0.535202
23028.279297 -2758.460693 -7382.977051 0.272712 0.799035 -0.535884
23024.373047 -2758.431152 -7384.920898 0.287472 0.796827 -0.531438
23020.529297 -2758.404053 -7386.959473 0.305333 0.790207 -0.531361
23016.750000 -2758.378906 -7389.093750 0.322961 0.784519 -0.529364
23013.037109 -2758.355469 -7391.324219 0.339239 0.781105 -0.524207
23009.392578 -2758.333740 -7393.650391 0.357519 0.774924 -0.521223
23005.820313 -2758.313965 -7396.071289 0.374651 0.770752 -0.515343
23002.320313 -2758.295654 -7398.588379 0.390070 0.768909 -0.506580
22998.894531 -2758.278809 -7401.200684 0.410510 0.760411 -0.503247
22995.546875 -2758.263428 -7403.908203 0.430091 0.753400 -0.497404
22992.281250 -2758.249268 -7406.710449 0.437118 0.762150 -0.477551
22989.093750 -2758.236328 -7409.607422 0.464071 0.745545 -0.478332
22985.992188 -2758.224854 -7412.598633 0.479451 0.743720 -0.465840
22982.978516 -2758.214355 -7415.683594 0.492999 0.743723 -0.451474
22980.052734 -2758.204834 -7418.862793 0.510281 0.738900 -0.440045
22977.218750 -2758.196289 -7422.134766 0.525930 0.735771 -0.426660
22974.478516 -2758.188721 -7425.499512 0.540459 0.733635 -0.411927
22971.833984 -2758.181885 -7428.957031 0.556041 0.729915 -0.397546
22969.289063 -2758.175781 -7432.505371 0.569969 0.727676 -0.381607
22966.845703 -2758.170410 -7436.144531 0.583786 0.725104 -0.365264
22964.505859 -2758.165771 -7439.875000 0.597158 0.722556 -0.348303
22962.273438 -2758.161865 -7443.694336 0.602217 0.728398 -0.326760
22960.148438 -2758.158203 -7447.602539 0.624479 0.715243 -0.313775
22958.136719 -2758.155273 -7451.599609 0.630347 0.719206 -0.292242
22956.240234 -2758.152588 -7455.683594 0.632850 0.725703 -0.269918
22954.458984 -2758.150391 -7459.854004 0.655990 0.710293 -0.255266
22952.800781 -2758.148438 -7464.109863 0.649963 0.724346 -0.229937
22951.263672 -2758.146973 -7468.450195 0.660481 0.720708 -0.210584
22949.851563 -2758.145752 -7472.875000 0.668120 0.719366 -0.190074
22948.568359 -2758.144775 -7477.381836 0.676753 0.716418 -0.169560
22947.417969 -2758.144043 -7481.970215 0.676838 0.721279 -0.147133
22946.402344 -2758.143311 -7486.638672 0.671438 0.730531 -0.124478
22945.521484 -2758.142822 -7491.387207 0.687923 0.718119 -0.105198
22944.783203 -2758.142578 -7496.213379 0.678845 0.729639 -0.082445
22944.187500 -2758.142334 -7501.116211 0.681594 0.729145 -0.061465
22943.738281 -2758.142090 -7506.094727 0.683551 0.728782 -0.040426
22943.439453 -2758.142090 -7511.147461 0.676856 0.735862 -0.019307
22943.292969 -2758.141846 -7516.273438 0.677210 0.735788 0.001273
22943.302734 -2758.141846 -7521.470215 0.669051 0.742911 0.021336
22943.470703 -2758.141846 -7526.737305 0.666577 0.744294 0.041238
22943.800781 -2758.141846 -7532.072754 0.663065 0.746082 0.060889
22944.296875 -2758.141846 -7537.475098 0.652531 0.753607 0.079243
22944.960938 -2758.141846 -7542.943359 0.660408 0.750907 0.000396
