-683.2528 -700.0 2281.147 0.000 1.000 0.000
-729.4468 -700.0 2300.281 -0.002 1.000 0.001
-747.9244 -700.0 2307.935 -0.024 1.000 0.010
-758.5046 -700.1604 2312.318 -0.111 0.993 0.046
-769.3168 -701.4756 2316.796 -0.296 0.947 0.123
-779.7036 -705.7408 2321.098 -0.500 0.841 0.207
-788.4421 -712.8873 2324.718 -0.626 0.735 0.259
-796.0776 -720.8787 2327.881 -0.679 0.678 0.281
-817.5499 -748.2083 2336.776 -0.669 0.690 0.277
-824.4007 -756.0693 2339.613 -0.590 0.770 0.244
-832.097 -762.8166 2342.801 -0.454 0.871 0.188
-840.7603 -767.7416 2346.39 -0.290 0.949 0.120
-850.2372 -770.5959 2350.315 -0.146 0.987 0.060
-859.7138 -772.0 2354.239 -0.042 0.999 0.017
-878.1914 -772.0 2361.893 0.000 1.000 0.000
-924.3854 -772.0 2381.027 0.000 1.000 0.000
