-9.5 648.0 -690.0 0.000 1.000 0.000
-9.5 648.0 -640.0 0.000 1.000 0.002
-9.5 648.0 -570.0 0.000 1.000 0.026
-9.5 647.8396 -558.548 0.000 0.993 0.121
-9.5 646.5244 -546.8449 0.000 0.947 0.320
-9.5 642.2592 -535.6024 0.000 0.841 0.542
-9.5 635.1127 -526.1438 0.000 0.744 0.668
-9.5 627.1213 -517.8787 0.000 0.711 0.703
-9.5 497.1213 -387.8787 0.000 0.707 0.707
-9.5 -282.8787 392.1213 0.000 0.707 0.707
-9.5 -412.8787 522.1213 0.000 0.707 0.707
-9.5 -542.8787 652.1213 0.000 0.707 0.707
-9.5 -672.8787 782.1213 0.000 0.707 0.707
-9.5 -802.8787 912.1213 0.000 0.705 0.709
-9.5 -932.8787 1042.121 0.000 0.716 0.698
-9.5 -1031.14 1137.718 0.000 0.766 0.642
-9.5 -1039.427 1148.27 0.000 0.827 0.563
-9.5 -1046.919 1159.451 0.000 0.878 0.478
-9.5 -1053.147 1171.283 0.000 0.931 0.366
-9.5 -1057.768 1183.773 0.000 0.972 0.233
-9.5 -1060.603 1196.743 0.000 0.997 0.079
-9.5 -1061.353 1209.923 0.000 0.996 -0.089
-9.5 -1059.703 1223.027 0.000 0.974 -0.227
-9.5 -1052.119 1249.164 0.000 0.974 -0.227
