-917.8798 -772.0 2396.733 0.000 1.000 0.000
-871.6858 -772.0 2377.599 -0.021 1.000 0.009
-853.2082 -772.0 2369.945 -0.104 0.994 0.043
-843.7316 -770.5959 2366.021 -0.239 0.966 0.099
-834.2546 -767.7416 2362.096 -0.398 0.902 0.165
-825.5914 -762.8166 2358.507 -0.550 0.804 0.228
-817.8951 -756.0693 2355.319 -0.649 0.712 0.269
-811.0443 -748.2083 2352.482 -0.683 0.673 0.283
-789.572 -720.8787 2343.587 -0.650 0.710 0.269
-781.9365 -712.8873 2340.424 -0.552 0.802 0.229
-773.1979 -705.7408 2336.804 -0.373 0.915 0.155
-762.8112 -701.4756 2332.502 -0.165 0.984 0.068
-751.999 -700.1604 2328.023 -0.041 0.999 0.017
-741.4188 -700.0 2323.641 -0.004 1.000 0.002
-722.9412 -700.0 2315.987 0.000 1.000 0.000
-676.7472 -700.0 2296.853 0.000 1.000 0.000
