-2378.5 -3292.958 6909.593 0.006 0.847 0.531
-2378.465 -3316.496 6947.352 0.014 0.839 0.543
-2378.428 -3340.714 6984.767 0.026 0.822 0.569
-2378.39 -3366.266 7021.446 0.037 0.794 0.607
-2378.351 -3393.807 7056.998 0.049 0.753 0.656
-2378.311 -3423.994 7091.024 0.061 0.700 0.712
-2378.27 -3457.468 7123.111 0.073 0.639 0.766
-2378.29 -3494.489 7152.922 0.084 0.583 0.808
-2378.678 -3534.009 7180.591 0.102 0.542 0.834
-2379.805 -3574.708 7206.411 0.143 0.516 0.845
-2381.729 -3614.997 7231.175 0.213 0.495 0.842
-2385.062 -3653.868 7254.641 0.294 0.475 0.830
-2390.162 -3690.013 7277.077 0.374 0.460 0.805
-2397.024 -3722.563 7298.848 0.451 0.454 0.768
-2404.097 -3751.756 7320.349 0.519 0.470 0.714
-2409.693 -3778.059 7341.706 0.574 0.524 0.629
-2411.517 -3801.709 7363.461 0.608 0.616 0.501
-2407.486 -3822.988 7385.869 0.593 0.722 0.356
-2395.595 -3842.09 7409.041 0.498 0.819 0.285
-2376.446 -3860.901 7433.185 0.331 0.886 0.326
-2351.137 -3878.271 7458.232 0.142 0.897 0.419
-2323.605 -3894.248 7484.11 -0.042 0.858 0.512
-2297.674 -3908.928 7510.791 -0.244 0.790 0.562
-2277.03 -3922.394 7538.155 -0.458 0.732 0.504
-2264.93 -3934.824 7566.273 -0.596 0.739 0.314
-2264.36 -3944.652 7596.898 -0.594 0.796 0.114
-2273.102 -3953.862 7630.11 -0.524 0.852 0.002
-2288.638 -3962.109 7666.077 -0.454 0.890 -0.050
-2308.125 -3968.977 7704.657 -0.393 0.917 -0.070
-2328.552 -3974.082 7745.818 -0.340 0.938 -0.072
-2346.828 -3977.052 7789.576 -0.289 0.955 -0.071
-2360.413 -3977.65 7835.664 -0.237 0.969 -0.072
-2369.454 -3976.17 7883.484 -0.186 0.979 -0.079
-2374.87 -3973.046 7932.602 -0.135 0.987 -0.089
-2377.582 -3968.703 7982.657 -0.084 0.992 -0.098
-2378.495 -3963.557 8033.3 -0.042 0.994 -0.105
-2378.501 -3958.021 8084.176 -0.042 0.994 -0.105
