-2518.5 -3783.0 8940.5 0.000 1.000 0.000
-2518.5 -3783.0 8990.5 0.000 1.000 0.002
-2518.5 -3783.0 9010.5 0.000 1.000 0.026
-2518.5 -3783.16 9021.952 0.000 0.993 0.121
-2518.5 -3784.476 9033.655 0.000 0.947 0.320
-2518.5 -3788.741 9044.897 0.000 0.841 0.542
-2518.5 -3795.887 9054.356 0.003 0.721 0.693
-2518.5 -3803.879 9062.621 0.023 0.605 0.796
-2518.343 -3809.501 9066.281 0.061 0.531 0.845
-2518.122 -3816.013 9070.373 0.106 0.504 0.857
-2517.744 -3824.114 9075.01 0.154 0.470 0.869
-2517.133 -3834.565 9080.45 0.216 0.439 0.872
-2516.091 -3848.163 9086.914 0.295 0.413 0.862
-2514.668 -3865.682 9094.714 0.378 0.392 0.839
-2512.789 -3887.915 9104.127 0.458 0.373 0.807
-2510.378 -3915.647 9115.43 0.533 0.360 0.766
-2507.285 -3949.245 9128.855 0.603 0.360 0.712
-2503.063 -3987.492 9144.531 0.667 0.374 0.645
-2497.187 -4028.795 9162.554 0.721 0.401 0.565
-2489.135 -4071.561 9183.021 0.766 0.438 0.471
-2478.387 -4114.193 9206.028 0.789 0.490 0.371
-2464.425 -4155.098 9231.667 0.769 0.568 0.293
-2446.908 -4192.463 9260.412 0.695 0.676 0.245
-2425.147 -4224.905 9291.955 0.589 0.783 0.201
-2398.885 -4251.495 9326.414 0.480 0.861 0.165
-2369.069 -4273.656 9363.767 0.381 0.910 0.165
-2337.006 -4293.348 9403.872 0.267 0.937 0.225
-2304.34 -4312.458 9446.842 0.120 0.933 0.339
-2272.15 -4333.141 9492.188 -0.040 0.884 0.466
-2241.774 -4357.372 9539.703 -0.201 0.796 0.571
-2214.557 -4387.109 9589.165 -0.337 0.693 0.637
-2191.835 -4424.291 9640.35 -0.364 0.643 0.674
-2173.442 -4469.662 9692.993 -0.251 0.658 0.710
-2159.676 -4522.093 9746.188 -0.075 0.672 0.737
-2149.403 -4579.145 9798.771 0.101 0.660 0.744
-2141.484 -4638.382 9849.595 0.272 0.631 0.727
-2134.777 -4697.376 9897.516 0.422 0.593 0.685
-2128.219 -4753.655 9941.453 0.548 0.561 0.621
-2120.572 -4804.799 9980.222 0.652 0.547 0.526
-2110.705 -4848.351 10012.67 0.727 0.564 0.391
-2097.78 -4882.486 10037.98 0.749 0.621 0.229
-2082.031 -4907.852 10056.78 0.686 0.722 0.085
-2064.04 -4925.545 10070.47 0.538 0.843 0.001
-2044.034 -4937.134 10079.63 0.350 0.936 -0.037
-2022.296 -4943.928 10085.24 0.180 0.983 -0.044
-1999.119 -4947.136 10088.17 0.060 0.998 -0.031
-1974.89 -4947.929 10089.29 -0.000 1.000 -0.014
-1950.048 -4947.5 10089.51 -0.000 1.000 -0.014
