-2356.501 -3958.008 8084.224 -0.034 0.996 -0.088
-2356.518 -3962.675 8033.412 -0.068 0.994 -0.083
-2355.682 -3966.926 7983.151 -0.119 0.990 -0.074
-2353.129 -3970.354 7933.826 -0.171 0.983 -0.064
-2348.007 -3972.563 7885.825 -0.224 0.973 -0.055
-2339.478 -3973.158 7839.522 -0.277 0.959 -0.051
-2326.693 -3971.753 7795.219 -0.330 0.943 -0.053
-2309.338 -3968.067 7752.944 -0.383 0.922 -0.053
-2289.618 -3962.263 7712.498 -0.442 0.896 -0.040
-2270.485 -3954.628 7673.823 -0.507 0.862 0.000
-2254.955 -3945.448 7636.846 -0.577 0.812 0.089
-2246.118 -3935.004 7601.433 -0.612 0.755 0.235
-2247.223 -3923.609 7567.602 -0.546 0.743 0.388
-2258.617 -3912.584 7534.57 -0.369 0.797 0.478
-2279.593 -3901.077 7503.292 -0.164 0.867 0.470
-2306.006 -3888.978 7473.988 0.021 0.919 0.393
-2333.932 -3876.088 7446.601 0.206 0.933 0.294
-2359.556 -3862.223 7421.106 0.401 0.884 0.240
-2379.244 -3847.222 7397.474 0.562 0.766 0.312
-2389.748 -3828.927 7376.305 0.617 0.632 0.470
-2392.955 -3808.599 7355.872 0.588 0.530 0.611
-2390.718 -3785.528 7335.547 0.535 0.461 0.708
-2384.785 -3759.236 7315.038 0.469 0.428 0.773
-2376.991 -3729.181 7294.462 0.394 0.425 0.815
-2369.433 -3695.288 7273.366 0.315 0.440 0.841
-2363.774 -3657.68 7251.614 0.237 0.459 0.856
-2360.06 -3617.539 7229.007 0.162 0.485 0.859
-2357.907 -3576.15 7205.23 0.111 0.521 0.847
-2356.754 -3535.115 7179.435 0.088 0.563 0.821
-2356.346 -3495.386 7151.867 0.077 0.615 0.785
-2356.312 -3458.257 7122.226 0.065 0.676 0.734
-2356.34 -3424.705 7090.337 0.053 0.733 0.678
-2356.37 -3394.415 7056.492 0.041 0.778 0.626
-2356.4 -3366.743 7021.094 0.030 0.811 0.584
-2356.433 -3341.042 6984.545 0.018 0.832 0.554
-2356.466 -3316.663 6947.246 0.008 0.843 0.538
-2356.5 -3292.958 6909.593 0.008 0.843 0.538
