-2500.5 -3783.0 8940.5 0.000 1.000 0.000
-2500.5 -3783.0 8990.5 0.000 1.000 0.002
-2500.5 -3783.0 9010.5 0.000 1.000 0.026
-2500.5 -3783.16 9021.952 0.000 0.993 0.121
-2500.5 -3784.476 9033.655 0.000 0.947 0.320
-2500.5 -3788.741 9044.897 0.000 0.841 0.542
-2500.5 -3795.887 9054.356 -0.001 0.747 0.665
-2500.5 -3803.879 9062.621 0.001 0.723 0.691
-2500.489 -3813.042 9072.219 0.007 0.731 0.683
-2500.462 -3822.371 9082.21 0.015 0.743 0.669
-2500.428 -3831.958 9092.917 0.026 0.760 0.649
-2500.396 -3841.945 9104.714 0.033 0.780 0.625
-2500.384 -3852.466 9117.975 0.036 0.803 0.594
-2500.39 -3863.473 9132.943 0.038 0.834 0.550
-2500.385 -3874.227 9149.448 0.045 0.875 0.483
-2500.344 -3883.837 9167.229 0.070 0.920 0.385
-2500.24 -3891.424 9186.02 0.124 0.959 0.253
-2500.005 -3896.159 9205.6 0.213 0.971 0.111
-2499.601 -3897.715 9225.973 0.320 0.947 0.016
-2498.809 -3897.715 9247.343 0.416 0.909 0.003
-2497.317 -3898.268 9269.781 0.471 0.880 0.065
-2494.784 -3901.514 9293.357 0.463 0.865 0.192
-2490.901 -3909.628 9318.212 0.378 0.855 0.356
-2485.527 -3924.055 9344.287 0.227 0.838 0.496
-2479.483 -3942.682 9371.165 0.060 0.825 0.563
-2473.765 -3962.433 9398.492 -0.054 0.838 0.542
-2469.327 -3980.191 9425.995 -0.081 0.897 0.435
-2467.367 -3992.964 9453.466 -0.019 0.964 0.265
-2468.915 -3999.023 9481.234 0.102 0.986 0.130
-2473.643 -4000.928 9510.877 0.247 0.962 0.112
-2480.944 -4002.259 9543.888 0.389 0.901 0.191
-2490.134 -4006.642 9581.573 0.519 0.801 0.299
-2500.483 -4017.682 9625.251 0.637 0.673 0.377
-2511.085 -4038.081 9675.591 0.741 0.544 0.394
-2520.307 -4067.145 9730.424 0.825 0.438 0.358
-2526.324 -4103.363 9786.896 0.883 0.369 0.291
-2527.298 -4145.229 9842.142 0.914 0.347 0.210
-2521.383 -4191.271 9893.27 0.920 0.369 0.130
-2507.222 -4240.216 9937.952 0.907 0.417 0.065
-2485.422 -4291.317 9976.079 0.881 0.472 0.024
-2457.078 -4343.925 10008.05 0.850 0.526 0.006
-2423.294 -4397.369 10034.25 0.819 0.573 0.006
-2385.185 -4450.968 10055.05 0.789 0.615 0.015
-2343.663 -4504.013 10070.89 0.756 0.654 0.027
-2298.795 -4555.765 10082.44 0.718 0.695 0.036
-2250.428 -4605.485 10090.43 0.673 0.738 0.034
-2198.405 -4652.44 10095.6 0.621 0.784 0.018
-2142.568 -4695.905 10098.68 0.563 0.826 -0.013
-2083.176 -4735.224 10100.35 0.505 0.861 -0.057
-2022.232 -4769.979 10101.02 0.451 0.887 -0.100
-1962.199 -4799.794 10101.01 0.400 0.908 -0.129
-1905.546 -4824.286 10100.66 0.349 0.927 -0.136
-1854.749 -4843.079 10100.26 0.292 0.949 -0.121
-1811.609 -4856.08 10100.02 0.227 0.970 -0.091
-1775.152 -4864.254 10099.94 0.156 0.986 -0.054
-1743.688 -4868.823 10099.96 0.091 0.996 -0.020
-1715.505 -4871.003 10100.01 0.049 0.999 0.001
-1688.887 -4871.996 10100.04 0.049 0.999 0.001
