-3634.447 -1818.005 3112.225 0.012 1.000 0.006
-3655.863 -1817.86 3069.718 0.046 0.998 0.036
-3662.451 -1816.936 3053.325 0.101 0.989 0.107
-3667.813 -1814.453 3036.3 0.159 0.961 0.226
-3671.035 -1809.727 3019.894 0.209 0.900 0.383
-3672.436 -1802.448 3004.729 0.235 0.802 0.548
-3672.65 -1792.402 2991.251 0.221 0.694 0.685
-3672.231 -1779.881 2979.671 0.168 0.635 0.754
-3671.365 -1767.087 2969.526 0.108 0.679 0.726
-3670.162 -1756.769 2960.149 0.061 0.816 0.574
-3668.716 -1750.944 2951.052 0.032 0.945 0.325
-3667.046 -1748.64 2942.436 0.017 0.994 0.106
-3658.597 -1747.92 2917.005 0.005 1.000 0.012
-3645.979 -1747.92 2890.488 0.000 1.000 0.000
-3630.009 -1747.92 2865.845 0.000 1.000 0.000
-3610.958 -1747.92 2843.497 0.000 1.000 0.000
-3589.154 -1747.92 2823.827 0.000 1.000 0.000
-3564.968 -1747.92 2807.171 0.000 1.000 0.000
-3538.815 -1747.92 2793.814 0.000 1.000 0.000
-3511.143 -1747.92 2783.986 0.000 1.000 0.000
-3482.424 -1747.92 2777.853 0.000 1.000 0.000
