7619.5 -14555.0 5434.5 0.000 -0.000 1.000
7619.5 -14370.62 5434.5 0.000 -0.000 1.000
7619.5 -14186.25 5434.5 0.000 -0.000 1.000
7619.5 -14001.87 5434.5 0.000 -0.000 1.000
7619.5 -13817.5 5434.5 0.000 -0.000 1.000
7619.5 -13633.12 5434.5 0.000 -0.000 1.000
7619.5 -13448.75 5434.5 0.000 -0.000 1.000
7619.5 -13264.37 5434.5 0.000 -0.000 1.000
7619.5 -13080.0 5434.5 0.000 -0.000 1.000
7619.5 -12895.62 5434.5 0.000 -0.000 1.000
7619.5 -12711.25 5434.5 0.000 -0.000 1.000
7619.5 -12526.87 5434.5 0.000 -0.000 1.000
7619.5 -12342.5 5434.5 0.000 -0.000 1.000
7619.5 -12158.12 5434.5 0.000 -0.000 1.000
7619.5 -11973.75 5434.5 0.000 -0.000 1.000
7619.5 -11789.37 5434.5 0.000 -0.011 1.000
7619.502 -11605.0 5434.502 0.000 -0.064 0.998
7622.003 -11585.42 5435.788 0.000 -0.172 0.985
7624.503 -11566.18 5439.616 0.000 -0.299 0.954
7627.003 -11547.6 5445.923 0.000 -0.421 0.907
7629.503 -11530.0 5454.601 0.000 -0.536 0.844
7632.003 -11513.68 5465.501 0.000 -0.642 0.767
7634.503 -11498.93 5478.438 0.000 -0.736 0.677
7637.003 -11486.0 5493.19 0.000 -0.818 0.575
7639.503 -11475.1 5509.504 0.000 -0.886 0.463
7642.003 -11466.42 5527.102 0.000 -0.939 0.343
7644.503 -11460.11 5545.682 0.000 -0.976 0.218
7647.003 -11456.28 5564.926 0.000 -0.996 0.088
7649.503 -11455.0 5584.502 0.000 -0.999 -0.043
7652.003 -11456.29 5604.079 0.000 -0.985 -0.173
7654.503 -11460.12 5623.323 0.000 -0.954 -0.300
7657.003 -11466.42 5641.902 0.000 -0.907 -0.422
7659.503 -11475.1 5659.5 0.000 -0.844 -0.536
7662.003 -11486.0 5675.814 0.000 -0.767 -0.642
7664.503 -11498.94 5690.566 0.000 -0.676 -0.737
7667.003 -11513.69 5703.503 0.000 -0.574 -0.819
7669.503 -11530.0 5714.404 0.000 -0.462 -0.887
7672.003 -11547.6 5723.082 0.000 -0.343 -0.939
7674.503 -11566.18 5729.389 0.000 -0.217 -0.976
7677.003 -11585.42 5733.217 0.000 -0.084 -0.996
7679.503 -11605.0 5734.498 0.000 0.056 -0.998
7682.003 -11624.58 5732.712 0.000 0.176 0.984
7684.503 -11643.82 5728.884 0.000 0.288 -0.958
7687.003 -11662.4 5723.077 0.000 0.415 -0.910
7689.503 -11680.0 5714.399 0.000 0.537 -0.844
7692.003 -11696.31 5703.499 0.000 0.642 -0.766
7694.503 -11711.07 5690.562 0.000 0.737 -0.676
7697.003 -11724.0 5675.81 0.000 0.819 -0.574
7699.503 -11734.9 5659.496 0.000 0.887 -0.462
7702.003 -11743.58 5641.898 0.000 0.940 -0.342
7704.503 -11749.89 5623.318 0.000 0.976 -0.217
7707.003 -11753.72 5604.074 0.000 0.994 -0.107
7709.503 -11755.0 5584.496 0.000 0.994 -0.107
