6439.505 -14944.13 6769.5 0.000 0.995 0.098
6439.5 -14944.13 6759.5 0.000 0.924 0.382
6439.5 -14844.13 6609.5 -0.004 0.856 0.516
6439.5 -14744.13 6459.5 -0.024 0.921 0.389
6441.968 -14734.13 6428.135 -0.063 0.954 0.295
6449.313 -14724.13 6397.542 -0.108 0.954 0.281
6461.353 -14714.13 6368.475 -0.151 0.954 0.261
6477.792 -14704.13 6341.649 -0.190 0.954 0.234
6498.225 -14694.13 6317.725 -0.224 0.954 0.202
6522.149 -14684.13 6297.292 -0.253 0.954 0.164
6548.975 -14674.13 6280.854 -0.275 0.954 0.123
6578.042 -14664.13 6268.813 -0.291 0.954 0.078
6608.635 -14654.13 6261.469 -0.345 0.938 0.035
6640.0 -14644.13 6259.0 -0.474 0.880 0.008
6790.0 -14544.13 6259.0 -0.555 0.832 0.000
6940.0 -14444.13 6259.0 -0.555 0.832 0.000
