6039.505 -15544.13 7869.5 0.000 0.995 0.098
6039.5 -15544.13 7859.5 0.000 0.924 0.382
6039.5 -15444.13 7709.5 -0.004 0.856 0.516
6039.5 -15344.13 7559.5 -0.024 0.921 0.389
6041.968 -15334.13 7528.135 -0.063 0.954 0.295
6049.313 -15324.13 7497.542 -0.108 0.954 0.281
6061.353 -15314.13 7468.475 -0.151 0.954 0.261
6077.792 -15304.13 7441.649 -0.190 0.954 0.234
6098.225 -15294.13 7417.725 -0.224 0.954 0.202
6122.149 -15284.13 7397.292 -0.253 0.954 0.164
6148.975 -15274.13 7380.854 -0.275 0.954 0.123
6178.042 -15264.13 7368.813 -0.291 0.954 0.078
6208.635 -15254.13 7361.469 -0.300 0.953 0.039
6240.0 -15244.13 7359.0 -0.301 0.953 0.032
6271.208 -15234.13 7356.544 -0.295 0.954 0.063
6301.649 -15224.13 7349.236 -0.281 0.954 0.108
6330.571 -15214.13 7337.256 -0.261 0.954 0.151
6357.263 -15204.13 7320.899 -0.234 0.954 0.190
6381.068 -15194.13 7300.568 -0.202 0.954 0.224
6401.399 -15184.13 7276.763 -0.164 0.954 0.253
6417.756 -15174.13 7250.071 -0.123 0.954 0.275
6429.736 -15164.13 7221.149 -0.078 0.954 0.291
6437.044 -15154.13 7190.709 -0.036 0.939 0.343
6439.5 -15144.13 7159.5 -0.008 0.880 0.474
6439.5 -15044.13 7009.5 0.000 0.832 0.555
6439.5 -14944.13 6859.5 0.000 0.832 0.555
