6439.505 -15998.63 8763.5 0.000 0.820 -0.573
6439.505 -16003.13 8757.833 0.000 0.937 -0.348
6439.505 -16004.63 8753.167 0.000 0.998 0.061
6439.5 -16004.13 8749.5 0.003 0.925 0.380
6439.5 -15944.13 8659.5 0.022 0.921 0.389
6437.044 -15934.13 8628.291 0.061 0.954 0.295
6429.736 -15924.13 8597.852 0.107 0.954 0.281
6417.756 -15914.13 8568.929 0.149 0.954 0.261
6401.399 -15904.13 8542.236 0.188 0.954 0.234
6381.068 -15894.13 8518.433 0.222 0.954 0.202
6357.263 -15884.13 8498.102 0.251 0.954 0.164
6330.571 -15874.13 8481.744 0.274 0.954 0.123
6301.649 -15864.13 8469.764 0.290 0.954 0.078
6271.208 -15854.13 8462.456 0.298 0.954 0.039
6240.0 -15844.13 8460.0 0.299 0.954 0.032
6208.635 -15834.13 8457.531 0.293 0.954 0.063
6178.042 -15824.13 8450.187 0.280 0.954 0.108
6148.975 -15814.13 8438.146 0.260 0.954 0.151
6122.149 -15804.13 8421.708 0.233 0.954 0.190
6098.225 -15794.13 8401.275 0.200 0.954 0.224
6077.792 -15784.13 8377.351 0.163 0.954 0.253
6061.354 -15774.13 8350.525 0.121 0.954 0.275
6049.313 -15764.13 8321.458 0.077 0.954 0.291
6041.969 -15754.13 8290.865 0.034 0.938 0.345
6039.5 -15744.13 8259.5 0.007 0.880 0.474
6039.5 -15644.13 8109.5 0.000 0.832 0.555
6039.5 -15544.13 7959.5 0.000 0.832 0.555
