4809.5 -10019.13 4535.0 0.000 0.833 -0.554
4809.5 -10119.13 4385.0 0.003 0.857 -0.515
4809.5 -10219.13 4235.0 0.022 0.922 -0.387
4811.968 -10229.13 4203.635 0.061 0.954 -0.293
4819.313 -10239.13 4173.042 0.106 0.954 -0.280
4831.353 -10249.13 4143.975 0.149 0.954 -0.259
4847.792 -10259.13 4117.149 0.188 0.954 -0.233
4868.225 -10269.13 4093.225 0.223 0.954 -0.200
4892.149 -10279.13 4072.792 0.251 0.954 -0.163
4918.975 -10289.13 4056.353 0.274 0.954 -0.121
4948.042 -10299.13 4044.313 0.290 0.954 -0.076
4978.635 -10309.13 4036.969 0.344 0.938 -0.034
5010.0 -10319.13 4034.5 0.473 0.881 -0.006
5160.0 -10419.13 4034.5 0.515 0.857 0.004
5310.0 -10519.13 4034.5 0.388 0.922 0.024
5341.365 -10529.13 4036.969 0.293 0.954 0.063
5371.958 -10539.13 4044.313 0.280 0.954 0.108
5401.025 -10549.13 4056.353 0.260 0.954 0.151
5427.851 -10559.13 4072.792 0.233 0.954 0.190
5451.775 -10569.13 4093.225 0.200 0.954 0.224
5472.208 -10579.13 4117.149 0.163 0.954 0.253
5488.647 -10589.13 4143.975 0.121 0.954 0.275
5500.687 -10599.13 4173.042 0.077 0.954 0.291
5508.032 -10609.13 4203.635 0.038 0.953 0.300
5510.5 -10619.13 4235.0 0.030 0.953 0.301
5512.956 -10629.13 4266.209 0.061 0.954 0.295
5520.264 -10639.13 4296.649 0.107 0.954 0.281
5532.244 -10649.13 4325.571 0.149 0.954 0.261
5548.601 -10659.13 4352.263 0.188 0.954 0.234
5568.932 -10669.13 4376.068 0.222 0.954 0.202
5592.737 -10679.13 4396.399 0.251 0.954 0.164
5619.429 -10689.13 4412.756 0.274 0.954 0.123
5648.351 -10699.13 4424.736 0.290 0.954 0.078
5678.791 -10709.13 4432.044 0.342 0.939 0.036
5710.0 -10719.13 4434.5 0.473 0.881 0.008
5800.0 -10779.13 4434.5 0.473 0.881 0.008
